0
8 882 13 8 2695 8435 72 8 2207 132 6142 3 -1 12
8 882 14 774 24 2695 10 8 970 3 -1 10
2
8 882 13 8 2695 8435 72 8 2207 132 6142 3 -1 12
8 882 14 22 8 12386 2 6236 27 25105 3 -1 11
1
8 882 13 8 2695 8435 72 8 2207 132 6142 3 -1 12
8 882 14 9524 2 13 8 2695 3 -1 9
0
266 7062 6 7136 22 3251 -1 6
37 30 7062 22 42 1080 -1 6
1
266 7062 6 7136 22 3251 -1 6
61 30 266 926 -1 4
2
266 7062 6 7136 22 3251 -1 6
1 1738 30 22714 -1 4
2
8 1551 14 5803 13 17465 7 1 690 4 8 631 1581 3 -1 14
1 1551 14158 132 1 9374 3 -1 7
1
8 1551 14 5803 13 17465 7 1 690 4 8 631 1581 3 -1 14
1 1551 255 8 16441 5843 3 -1 7
0
8 1551 14 5803 13 17465 7 1 690 4 8 631 1581 3 -1 14
1 1551 14 2600 1062 1360 3 -1 7
0
27 1521 295 5179 17 24 2966 5888 22 8 352 1727 7 8 3155 2685 107 1207 7 3739 5945 5294 5249 7 1 2001 3 -1 27
27 1521 295 6139 24 5888 19 18 10771 10 24 1101 5 165 135 157 3 -1 17
2
27 1521 295 5179 17 24 2966 5888 22 8 352 1727 7 8 3155 2685 107 1207 7 3739 5945 5294 5249 7 1 2001 3 -1 27
8 1551 17449 8 9048 3 -1 6
0
27 1521 295 5179 17 24 2966 5888 22 8 352 1727 7 8 3155 2685 107 1207 7 3739 5945 5294 5249 7 1 2001 3 -1 27
27 4056 295 5179 7 8 352 2685 3 -1 9
0
53 10380 261 30 13524 46 166 3 -1 8
75 261 30 13524 13 4682 3 -1 7
2
53 10380 261 30 13524 46 166 3 -1 8
1 261 30 5790 3 -1 5
1
53 10380 261 30 13524 46 166 3 -1 8
61 30 261 1815 9420 3 -1 6
0
8 301 67 7 8 2412 1841 2 46 4 98 14 3752 2966 5888 3 -1 16
1 67 30 4060 26672 3 -1 6
2
8 301 67 7 8 2412 1841 2 46 4 98 14 3752 2966 5888 3 -1 16
1 67 30 2797 22 12542 7 160 3 -1 9
1
8 301 67 7 8 2412 1841 2 46 4 98 14 3752 2966 5888 3 -1 16
1 12891 30 22 8 2412 3 -1 7
1
27 1521 295 14 3752 2966 5888 22 8 2412 3 -1 11
8 295 14 3752 5888 3 -1 6
2
27 1521 295 14 3752 2966 5888 22 8 2412 3 -1 11
53 261 30 22 8 2412 3752 2602 3 -1 9
0
27 1521 295 14 3752 2966 5888 22 8 2412 3 -1 11
8 295 7 8 2412 14 2017 10 24 5801 5 3395 3 -1 13
0
8 295 17 28676 2 6 8 1018 4501 3752 64 4 8 194 425 8493 3 -1 17
8 10380 295 866 8 4120 4 425 23 8 8493 7 1 617 3 -1 15
2
8 295 17 28676 2 6 8 1018 4501 3752 64 4 8 194 425 8493 3 -1 17
8 10380 295 2600 8 1018 4501 14 2091 8 533 13 8 4064 7 1 617 -1 17
1
8 295 17 28676 2 6 8 1018 4501 3752 64 4 8 194 425 8493 3 -1 17
8 10380 295 3752 425 23 8 8493 3 -1 9
2
53 261 36 117 38 3760 13524 6 340 8356 3 -1 11
1 1069 22045 22 231 66 72 8 543 3076 1727 3 -1 12
1
53 261 36 117 38 3760 13524 6 340 8356 3 -1 11
61 30 53 773 7 35 1757 3 -1 8
0
53 261 36 117 38 3760 13524 6 340 8356 3 -1 11
1 1069 31 117 795 10 1 56 77 7 319 80 2 6 31 38 8 348 77 6707 58 3 -1 22
0
53 261 2 1339 559 25528 7556 2 11087 3 -1 10
1 53 4215 807 231 66 526 1 4944 12386 6 2565 8 11087 2 147 12772 42 21229 4541 3 -1 21
2
53 261 2 1339 559 25528 7556 2 11087 3 -1 10
53 498 4 1679 3381 230 11416 231 66 135 3 -1 11
1
53 261 2 1339 559 25528 7556 2 11087 3 -1 10
53 261 11087 231 66 3 -1 6
0
8 328 287 142 3080 5 2934 8 3794 8049 73 8 800 7 27 1450 182 3 -1 18
8 142 14 588 5 1594 1 285 862 64 3 -1 11
1
8 328 287 142 3080 5 2934 8 3794 8049 73 8 800 7 27 1450 182 3 -1 18
8 142 14 588 5 5646 8 3794 64 3 -1 10
2
8 328 287 142 3080 5 2934 8 3794 8049 73 8 800 7 27 1450 182 3 -1 18
8 142 14 688 1395 13 9270 3 -1 8
2
1 160 14 513 8 551 758 7 455 5 268 1 137 1256 13 193 66 6050 30 4989 17 7 918 3 -1 24
8 160 3422 8 1716 182 3 -1 7
0
1 160 14 513 8 551 758 7 455 5 268 1 137 1256 13 193 66 6050 30 4989 17 7 918 3 -1 24
8 149 160 14 5606 27 758 3 -1 8
1
1 160 14 513 8 551 758 7 455 5 268 1 137 1256 13 193 66 6050 30 4989 17 7 918 3 -1 24
8 160 14 5606 27 758 3 -1 7
2
149 2397 6115 2338 580 8 10566 6283 8 1626 4 67 7 1 112 3 -1 16
1 261 86 34 745 99 3634 37 3162 3 -1 10
1
149 2397 6115 2338 580 8 10566 6283 8 1626 4 67 7 1 112 3 -1 16
261 30 2017 21 8 10566 3 -1 7
0
149 2397 6115 2338 580 8 10566 6283 8 1626 4 67 7 1 112 3 -1 16
1 261 3401 513 8 214 2397 1336 3 -1 9
0
8 295 2 773 2 6 945 6514 978 13 8 1445 3 -1 13
8 945 17 5223 6 5128 2 13 728 4682 22 1 1445 3 -1 14
1
8 295 2 773 2 6 945 6514 978 13 8 1445 3 -1 13
8 209 4 85 14 22 1 1445 3 -1 9
2
8 295 2 773 2 6 945 6514 978 13 8 1445 3 -1 13
8 209 4 85 14 22 1 4337 2811 3 -1 10
0
67 2017 5 165 13 8 1420 44 117 866 135 3 -1 12
1 67 2017 13 1 1420 30 2797 3 -1 9
1
67 2017 5 165 13 8 1420 44 117 866 135 3 -1 12
61 30 67 117 866 13 8 1420 -1 8
1
67 2017 5 165 13 8 1420 44 117 866 135 3 -1 12
61 30 67 2017 13 8 1420 3 -1 8
1
8 1292 688 17 8 328 1551 13 1 1445 3 -1 11
8 1292 30 688 17 8 456 945 580 3 -1 10
0
8 1292 688 17 8 328 1551 13 1 1445 3 -1 11
8 1292 30 688 19590 17 8 456 945 22 1 1445 3 -1 13
2
8 1292 688 17 8 328 1551 13 1 1445 3 -1 11
8 1292 1653 8 328 1682 277 21 2749 13 1 1445 3 -1 13
2
8 1292 277 7 1 6239 17 42 456 622 3 -1 11
1 209 14 2797 132 10 3076 3 -1 8
1
8 1292 277 7 1 6239 17 42 456 622 3 -1 11
1 209 14 580 3 -1 5
0
8 1292 277 7 1 6239 17 42 456 622 3 -1 11
1 209 14 13 4682 3 -1 6
2
8 295 6 8 773 985 1 486 7 660 4 8 7458 6 22660 2412 3 -1 17
1 67 30 1697 146 13 1 5056 3 -1 9
1
8 295 6 8 773 985 1 486 7 660 4 8 7458 6 22660 2412 3 -1 17
350 8 1292 4 3421 2 53 67 2261 526 1 486 3 -1 13
0
8 295 6 8 773 985 1 486 7 660 4 8 7458 6 22660 2412 3 -1 17
1 1292 30 3243 526 1 486 593 3 -1 9
2
8 773 7 8 968 6830 6 6389 72 69 357 847 1736 8 1409 3 -1 16
1 773 14 29135 3 -1 5
0
8 773 7 8 968 6830 6 6389 72 69 357 847 1736 8 1409 3 -1 16
1 773 14 1784 3 -1 5
1
8 773 7 8 968 6830 6 6389 72 69 357 847 1736 8 1409 3 -1 16
1 773 14 2600 968 3 -1 6
0
773 7 293 7 17589 6 8 295 1920 555 3243 17 8 1074 10 274 9 7458 6 22660 7 1 2001 3 -1 24
1 295 17 1 1074 14 13928 3 -1 8
2
773 7 293 7 17589 6 8 295 1920 555 3243 17 8 1074 10 274 9 7458 6 22660 7 1 2001 3 -1 24
37 30 6733 580 1 346 3 -1 7
1
773 7 293 7 17589 6 8 295 1920 555 3243 17 8 1074 10 274 9 7458 6 22660 7 1 2001 3 -1 24
8 773 7 293 3 -1 5
1
773 7 293 7 17589 6 8 295 1920 555 3243 17 8 1074 10 274 9 7458 6 22660 7 1 2001 3 -1 24
8 295 14 2414 10 8 2412 3 -1 8
2
773 7 293 7 17589 6 8 295 1920 555 3243 17 8 1074 10 274 9 7458 6 22660 7 1 2001 3 -1 24
1 773 14 2600 516 3 -1 6
0
773 7 293 7 17589 6 8 295 1920 555 3243 17 8 1074 10 274 9 7458 6 22660 7 1 2001 3 -1 24
8 295 6 8 773 2261 132 8 4944 112 486 3 -1 12
1
773 7 293 7 17589 6 8 295 1920 555 3243 17 8 1074 10 274 9 7458 6 22660 7 1 2001 3 -1 24
1 773 14 2600 293 3 -1 6
0
773 7 293 7 17589 6 8 295 1920 555 3243 17 8 1074 10 274 9 7458 6 22660 7 1 2001 3 -1 24
37 30 495 10 274 9 7458 3 -1 8
2
773 7 293 7 17589 6 8 295 1920 555 3243 17 8 1074 10 274 9 7458 6 22660 7 1 2001 3 -1 24
1030 3604 3 -1 3
2
773 7 293 7 17589 6 8 295 1920 555 3243 17 8 1074 10 274 9 7458 6 22660 7 1 2001 3 -1 24
8 295 6 8 25100 30 4060 593 22 274 9 7458 6 22660 3 -1 15
1
773 7 293 7 17589 6 8 295 1920 555 3243 17 8 1074 10 274 9 7458 6 22660 7 1 2001 3 -1 24
37 30 3243 17 8 1074 3 -1 7
0
773 7 293 7 17589 6 8 295 1920 555 3243 17 8 1074 10 274 9 7458 6 22660 7 1 2001 3 -1 24
1 773 14 2017 10 8 1363 3 -1 8
2
773 7 293 7 17589 6 8 295 1920 555 3243 17 8 1074 10 274 9 7458 6 22660 7 1 2001 3 -1 24
1 295 14 2797 132 107 18 29 8 1074 10 274 9 7458 6 22660 7 24 1261 3 -1 20
1
773 7 293 7 17589 6 8 295 1920 555 3243 17 8 1074 10 274 9 7458 6 22660 7 1 2001 3 -1 24
1 773 6 295 30 9524 3 -1 7
0
773 7 293 7 17589 6 8 295 1920 555 3243 17 8 1074 10 274 9 7458 6 22660 7 1 2001 3 -1 24
8 773 6236 7458 3 -1 5
0
53 3285 2 46 1574 7 293 2 17 10694 6 46 2209 2 3510 3634 2 3243 526 8 486 2 415 23 8 18351 17 8 14050 1875 4 8 2131 5945 631 19497 882 7 1 17589 3 -1 41
1 67 30 1083 3 -1 5
2
53 3285 2 46 1574 7 293 2 17 10694 6 46 2209 2 3510 3634 2 3243 526 8 486 2 415 23 8 18351 17 8 14050 1875 4 8 2131 5945 631 19497 882 7 1 17589 3 -1 41
53 3285 302 526 1 486 5 165 415 23 8 631 19497 882 6910 98 3 -1 17
1
53 3285 2 46 1574 7 293 2 17 10694 6 46 2209 2 3510 3634 2 3243 526 8 486 2 415 23 8 18351 17 8 14050 1875 4 8 2131 5945 631 19497 882 7 1 17589 3 -1 41
1 3285 30 147 2209 6 1574 3 -1 8
0
53 3285 2 46 1574 7 293 2 17 10694 6 46 2209 2 3510 3634 2 3243 526 8 486 2 415 23 8 18351 17 8 14050 1875 4 8 2131 5945 631 19497 882 7 1 17589 3 -1 41
53 67 2261 159 47 8 14518 10560 3076 3 -1 10
2
53 3285 2 46 1574 7 293 2 17 10694 6 46 2209 2 3510 3634 2 3243 526 8 486 2 415 23 8 18351 17 8 14050 1875 4 8 2131 5945 631 19497 882 7 1 17589 3 -1 41
53 3285 3604 7 425 -1 5
1
53 3285 2 46 1574 7 293 2 17 10694 6 46 2209 2 3510 3634 2 3243 526 8 486 2 415 23 8 18351 17 8 14050 1875 4 8 2131 5945 631 19497 882 7 1 17589 3 -1 41
53 3285 2261 526 8 486 3 -1 7
2
53 3285 2 46 1574 7 293 2 17 10694 6 46 2209 2 3510 3634 2 3243 526 8 486 2 415 23 8 18351 17 8 14050 1875 4 8 2131 5945 631 19497 882 7 1 17589 3 -1 41
53 67 3086 10772 73 8 4053 3 -1 8
1
53 3285 2 46 1574 7 293 2 17 10694 6 46 2209 2 3510 3634 2 3243 526 8 486 2 415 23 8 18351 17 8 14050 1875 4 8 2131 5945 631 19497 882 7 1 17589 3 -1 41
53 67 2261 415 23 8 2412 526 8 486 3 -1 11
0
53 3285 2 46 1574 7 293 2 17 10694 6 46 2209 2 3510 3634 2 3243 526 8 486 2 415 23 8 18351 17 8 14050 1875 4 8 2131 5945 631 19497 882 7 1 17589 3 -1 41
53 3285 3243 526 8 579 350 1 2041 4448 4386 7 631 -1 13
0
53 3285 2 46 1574 7 293 2 17 10694 6 46 2209 2 3510 3634 2 3243 526 8 486 2 415 23 8 18351 17 8 14050 1875 4 8 2131 5945 631 19497 882 7 1 17589 3 -1 41
53 1069 985 8 486 3 -1 6
2
53 3285 2 46 1574 7 293 2 17 10694 6 46 2209 2 3510 3634 2 3243 526 8 486 2 415 23 8 18351 17 8 14050 1875 4 8 2131 5945 631 19497 882 7 1 17589 3 -1 41
75 67 529 8 1420 3 -1 6
1
53 3285 2 46 1574 7 293 2 17 10694 6 46 2209 2 3510 3634 2 3243 526 8 486 2 415 23 8 18351 17 8 14050 1875 4 8 2131 5945 631 19497 882 7 1 17589 3 -1 41
53 3285 2261 526 1 486 3 -1 7
1
53 3285 2 46 1574 7 293 2 17 10694 6 46 2209 2 3510 3634 2 3243 526 8 486 2 415 23 8 18351 17 8 14050 1875 4 8 2131 5945 631 19497 882 7 1 17589 3 -1 41
53 3285 3243 526 8 579 -1 6
2
53 3285 2 46 1574 7 293 2 17 10694 6 46 2209 2 3510 3634 2 3243 526 8 486 2 415 23 8 18351 17 8 14050 1875 4 8 2131 5945 631 19497 882 7 1 17589 3 -1 41
61 30 82 261 7 1 1757 3 -1 8
0
53 3285 2 46 1574 7 293 2 17 10694 6 46 2209 2 3510 3634 2 3243 526 8 486 2 415 23 8 18351 17 8 14050 1875 4 8 2131 5945 631 19497 882 7 1 17589 3 -1 41
53 3285 2261 526 1 486 5 165 415 23 8 631 19497 882 36 14 6910 98 3 -1 19
2
8 773 2600 62 293 6 4060 2 5537 178 5 8 295 1339 8 15139 3 -1 17
8 1137 1292 14 5790 3 -1 6
1
8 773 2600 62 293 6 4060 2 5537 178 5 8 295 1339 8 15139 3 -1 17
8 1574 14 178 5 8 295 3 -1 8
0
8 773 2600 62 293 6 4060 2 5537 178 5 8 295 1339 8 15139 3 -1 17
8 1137 1292 14 3243 178 5 231 66 3 -1 10
2
8 773 14 3243 526 1 486 4060 8 8228 2 107 8 295 14 279 17 24 15139 3 -1 20
3041 29 559 3 -1 4
1
8 773 14 3243 526 1 486 4060 8 8228 2 107 8 295 14 279 17 24 15139 3 -1 20
8 773 11309 8 8228 6 5537 526 8 486 2 6 61 14 8 295 6457 555 69 3 -1 20
2
8 773 14 3243 526 1 486 4060 8 8228 2 107 8 295 14 279 17 24 15139 3 -1 20
1 773 6 295 30 688 1395 593 3 -1 9
0
8 773 14 3243 526 1 486 4060 8 8228 2 107 8 295 14 279 17 24 15139 3 -1 20
53 20291 985 29136 13 8 486 -1 7
2
8 773 14 3243 526 1 486 4060 8 8228 2 107 8 295 14 279 17 24 15139 3 -1 20
8 773 11309 1655 4551 3243 132 1 9374 2 6 61 14 166 773 7 660 4 69 17 8 8935 3 -1 23
0
8 773 14 3243 526 1 486 4060 8 8228 2 107 8 295 14 279 17 24 15139 3 -1 20
1 10558 15139 14 10 157 3 -1 7
1
8 773 14 3243 526 1 486 4060 8 8228 2 107 8 295 14 279 17 24 15139 3 -1 20
8 882 4060 3 -1 4
0
8 773 14 3243 526 1 486 4060 8 8228 2 107 8 295 14 279 17 24 15139 3 -1 20
8 882 12 14 6366 3 -1 6
0
8 773 14 3243 526 1 486 4060 8 8228 2 107 8 295 14 279 17 24 15139 3 -1 20
27 2714 6 69 2552 1623 1051 8 2261 7 1 112 3 -1 13
1
8 773 14 3243 526 1 486 4060 8 8228 2 107 8 295 14 279 17 24 15139 3 -1 20
8 773 4060 8 8228 6920 8 486 -1 8
0
8 773 14 3243 526 1 486 4060 8 8228 2 107 8 295 14 279 17 24 15139 3 -1 20
1 773 14 8 24403 -1 5
2
8 773 14 3243 526 1 486 4060 8 8228 2 107 8 295 14 279 17 24 15139 3 -1 20
8 773 5179 10 3760 -1 5
2
8 773 14 3243 526 1 486 4060 8 8228 2 107 8 295 14 279 17 24 15139 3 -1 20
1 773 14 513 3155 22 1 5871 -1 8
1
8 773 14 3243 526 1 486 4060 8 8228 2 107 8 295 14 279 17 24 15139 3 -1 20
1 773 14 4060 8 8228 3 -1 7
1
8 773 14 3243 526 1 486 4060 8 8228 2 107 8 295 14 279 17 24 15139 3 -1 20
1 773 14 580 -1 4
0
8 10071 10485 380 8 2299 2872 3 -1 8
8 10071 14 350 1 2872 847 132 3 -1 9
1
8 10071 10485 380 8 2299 2872 3 -1 8
8 10071 14 350 1 2872 3 -1 7
2
8 10071 10485 380 8 2299 2872 3 -1 8
8 10071 14 415 23 1 2872 3 -1 8
2
8 882 13 12732 13 8 2872 22 359 3 -1 10
1 773 11309 8 563 -1 5
1
8 882 13 12732 13 8 2872 22 359 3 -1 10
1 882 29137 -1 3
0
8 882 13 12732 13 8 2872 22 359 3 -1 10
37 30 6489 26269 -1 4
0
8 10071 7 2248 968 13 1 2110 4 8 9715 113 4 2299 3948 3 -1 16
1 10071 15 13 1 2110 4 1 9715 3 -1 10
1
8 10071 7 2248 968 13 1 2110 4 8 9715 113 4 2299 3948 3 -1 16
1 11615 4386 10071 6732 132 1 566 734 3 -1 10
2
8 10071 7 2248 968 13 1 2110 4 8 9715 113 4 2299 3948 3 -1 16
1 21235 1373 128 1 1670 3 -1 7
2
8 2676 10806 10071 14 3092 8 5843 526 8 15911 4117 3 -1 13
8 20250 14 3952 8 4094 3125 3 -1 8
0
8 2676 10806 10071 14 3092 8 5843 526 8 15911 4117 3 -1 13
8 10071 14 3482 7 8 970 3 -1 8
1
8 2676 10806 10071 14 3092 8 5843 526 8 15911 4117 3 -1 13
3937 14 6543 7 1546 869 3 -1 7
1
8 10380 295 14 3752 23 8 194 8493 3 -1 10
1 295 14 3752 425 3 -1 6
0
8 10380 295 14 3752 23 8 194 8493 3 -1 10
1 295 14 187 15698 3 -1 6
2
8 10380 295 14 3752 23 8 194 8493 3 -1 10
1 295 14 3752 3155 3 -1 6
2
5623 1018 2739 17913 1736 3251 3 -1 7
1 2739 14 5790 7 24 3490 3 -1 8
0
5623 1018 2739 17913 1736 3251 3 -1 7
8 2739 14 688 11916 7 8 7276 3 -1 9
1
5623 1018 2739 17913 1736 3251 3 -1 7
8 2739 14 7 1 425 3 -1 7
2
24585 1875 4 8 2739 3604 3 -1 7
8 4764 9938 1114 8 6406 3 -1 7
0
24585 1875 4 8 2739 3604 3 -1 7
27 8103 3251 1114 8 2900 4 8 13611 3 -1 10
1
24585 1875 4 8 2739 3604 3 -1 7
8 2739 17913 7 8 709 4 425 3 -1 9
0
1 17057 1018 2739 14 3604 7 1 2422 3 -1 10
8 2739 14 6910 8 2026 3 -1 7
1
1 17057 1018 2739 14 3604 7 1 2422 3 -1 10
8 2739 14 3604 3 -1 5
2
1 17057 1018 2739 14 3604 7 1 2422 3 -1 10
8 2739 14 783 200 1 4234 3 -1 8
2
8 360 1018 2739 17913 1736 1 3251 3 -1 9
8 2739 14 6910 8 3960 3 -1 7
0
8 360 1018 2739 17913 1736 1 3251 3 -1 9
8 5399 14 576 2354 4 8 2739 3 -1 9
1
8 360 1018 2739 17913 1736 1 3251 3 -1 9
8 2739 17913 1736 1 3251 3 -1 7
0
8 295 2600 516 17 8 3510 4891 2 1339 8 16703 2 10360 8 19013 7600 3 -1 18
1 5000 2600 8 3510 4891 14 1941 8 19013 7600 3 -1 12
1
8 295 2600 516 17 8 3510 4891 2 1339 8 16703 2 10360 8 19013 7600 3 -1 18
1 295 17 1 3510 4891 6 16703 14 6603 1 7600 3 -1 13
2
8 295 2600 516 17 8 3510 4891 2 1339 8 16703 2 10360 8 19013 7600 3 -1 18
1 773 7 8 1153 4146 14 22023 8 2695 5 8 7600 3 -1 14
1
8 295 14 587 8 22704 58 8 7994 579 2 420 8 163 120 3 -1 16
8 295 14 3243 17 24 2695 58 8 120 579 3 -1 12
2
8 295 14 587 8 22704 58 8 7994 579 2 420 8 163 120 3 -1 16
8 773 7 8 3510 253 2398 14 3752 3898 3 -1 11
0
8 295 14 587 8 22704 58 8 7994 579 2 420 8 163 120 3 -1 16
8 295 7 8 6175 4891 6 18568 14 3243 17 24 2695 58 8 120 579 3 -1 18
1
8 5000 22894 24 2488 17 15147 17 8 2695 6 8603 3 -1 13
1 295 14 29138 24 2488 3 -1 7
2
8 5000 22894 24 2488 17 15147 17 8 2695 6 8603 3 -1 13
1 295 14 13 1 112 486 17 24 2695 6 8603 3 -1 13
0
8 5000 22894 24 2488 17 15147 17 8 2695 6 8603 3 -1 13
1 295 14 7 27 305 603 17 8 2695 6 8603 3 -1 13
0
8 293 2695 14 4835 8 7600 107 8 295 2435 6 8166 3 -1 14
8 2695 14 12675 1857 3 -1 6
1
8 293 2695 14 4835 8 7600 107 8 295 2435 6 8166 3 -1 14
27 2542 14 3243 580 3 -1 6
2
8 293 2695 14 4835 8 7600 107 8 295 2435 6 8166 3 -1 14
8 295 14 2492 8 2695 566 3 -1 8
1
8 352 126 4 29139 1653 8 6607 1237 3 -1 10
8 126 8166 8 1237 3 -1 6
0
8 352 126 4 29139 1653 8 6607 1237 3 -1 10
1 6199 6 7903 1653 1 6607 5 156 1059 37 30 214 3 -1 14
2
8 2739 5907 8 631 5147 13 8 1445 3 -1 10
8 2739 2934 1 1057 13 8 1445 -1 8
0
8 2739 5907 8 631 5147 13 8 1445 3 -1 10
8 2739 5907 8 5147 17 8 1551 -1 8
1
8 2739 5907 8 631 5147 13 8 1445 3 -1 10
8 2739 5907 8 631 5147 -1 6
0
8 295 6 8 773 30 3243 13 8 486 22 1 215 4 8 1279 3 -1 17
8 1137 1292 5537 5928 8 1279 3 -1 8
1
8 295 6 8 773 30 3243 13 8 486 22 1 215 4 8 1279 3 -1 17
8 295 6 773 2261 13 8 486 3 -1 9
2
8 295 6 8 773 30 3243 13 8 486 22 1 215 4 8 1279 3 -1 17
53 296 277 2934 13 8 1279 3 -1 8
2
27 4056 295 14 3752 2966 5888 22 8 5871 3 -1 11
27 4056 295 14 3752 3042 5888 22 8 1978 3 -1 11
0
27 4056 295 14 3752 2966 5888 22 8 5871 3 -1 11
27 1521 9764 14 6514 24 2966 5888 22 8 48 5871 3 -1 13
1
27 4056 295 14 3752 2966 5888 22 8 5871 3 -1 11
27 163 295 14 6514 8 8726 22 8 5871 3 -1 11
0
8 1292 1339 1242 5537 132 8 486 3 -1 9
53 296 788 1242 107 3243 132 1 486 3 -1 10
2
8 1292 1339 1242 5537 132 8 486 3 -1 9
61 30 67 2797 13 1 432 4 1 579 3 -1 11
1
8 1292 1339 1242 5537 132 8 486 3 -1 9
67 30 1339 1242 6 3243 3 -1 7
1
8 1292 2261 128 8 293 5212 323 3 -1 9
67 30 3243 9524 3 -1 5
2
8 1292 2261 128 8 293 5212 323 3 -1 9
8 295 6 773 2261 7 8 1018 5212 112 3 -1 11
0
8 1292 2261 128 8 293 5212 323 3 -1 9
8 295 6 773 2261 128 8 360 112 3 -1 10
2
266 217 159 23 160 3 -1 6
1 266 30 22 1 2126 3 -1 7
1
266 217 159 23 160 3 -1 6
1 160 266 357 159 3 -1 6
0
266 217 159 23 160 3 -1 6
1 266 30 3243 7 1 29140 3 -1 8
2
67 5282 5 8 6607 7 8 1486 507 3 -1 10
67 30 5282 5 8 2299 763 3 -1 8
1
67 5282 5 8 6607 7 8 1486 507 3 -1 10
6607 3714 7 1287 3 -1 5
0
67 5282 5 8 6607 7 8 1486 507 3 -1 10
67 30 7 1287 10 8 56 10053 -1 8
2
20137 2017 22 27 6517 3 -1 6
8 23269 14 2797 132 513 3760 22 1 4337 3 -1 11
1
20137 2017 22 27 6517 3 -1 6
1 20137 30 580 3 -1 5
0
20137 2017 22 27 6517 3 -1 6
20137 2017 10 8 563 5 1241 3 -1 8
0
20137 2017 22 27 6517 3 -1 6
8 882 13 8 6370 14 2017 107 1 880 14 968 3 -1 13
1
20137 2017 22 27 6517 3 -1 6
1 10772 30 13 8 579 3 -1 7
1
20137 2017 22 27 6517 3 -1 6
8 882 13 8 6370 14 350 8 486 3 -1 10
1
20137 2017 22 27 6517 3 -1 6
15933 822 6 2338 10 1542 22 1 6517 3 -1 10
2
20137 2017 22 27 6517 3 -1 6
1 20137 3086 128 1 4337 13 42 10561 3 -1 10
1
20137 2017 22 27 6517 3 -1 6
20137 2017 42 874 5 985 3 -1 7
2
20137 2017 22 27 6517 3 -1 6
20137 3952 380 8 8256 3 -1 6
2
20137 2017 22 27 6517 3 -1 6
1 20137 30 755 3 -1 5
0
20137 2017 22 27 6517 3 -1 6
1 20137 30 3952 5 1 533 1556 3 -1 9
0
20137 2017 22 27 6517 3 -1 6
1 20137 30 7 8 566 3 -1 7
2
20137 2017 22 27 6517 3 -1 6
1 20137 30 22 159 3 -1 6
0
20137 2017 22 27 6517 3 -1 6
8 126 4 20137 927 13 1 9374 22 1 6517 3 -1 12
2
67 2017 22 8 880 13 10561 3 -1 8
8 6129 4 1069 30 13 8 2254 -1 8
1
67 2017 22 8 880 13 10561 3 -1 8
67 17 10561 3 -1 4
0
67 2017 22 8 880 13 10561 3 -1 8
61 30 67 13 10561 22 8 880 -1 8
2
67 2017 22 8 880 13 10561 3 -1 8
1 67 30 1015 2017 3 -1 6
1
67 2017 22 8 880 13 10561 3 -1 8
61 30 75 67 580 3 -1 6
1
67 2017 22 8 880 13 10561 3 -1 8
67 30 13 42 10561 3 -1 6
0
67 2017 22 8 880 13 10561 3 -1 8
1 67 30 3952 42 10561 5 1 7144 3 -1 10
0
67 2017 22 8 880 13 10561 3 -1 8
67 13784 128 1 112 3 -1 6
1
67 2017 22 8 880 13 10561 3 -1 8
1 67 30 13 10561 3 -1 6
0
67 2017 22 8 880 13 10561 3 -1 8
61 14 1542 178 5 1 10561 3 -1 8
2
67 2017 22 8 880 13 10561 3 -1 8
1 67 30 783 8 631 880 3 -1 8
2
67 2017 22 8 880 13 10561 3 -1 8
67 7 8 563 566 3 -1 6
1
67 2017 22 8 880 13 10561 3 -1 8
296 6 261 580 13 8 486 2456 3 -1 9
2
67 2017 22 8 880 13 10561 3 -1 8
8 24249 29 3471 13 8 3105 4793 481 3 -1 10
0
67 2017 22 8 880 13 10561 3 -1 8
296 6 261 13 42 9578 2 2600 10394 6 6534 7681 3 -1 13
2
67 13 10772 2017 22 27 6517 3 -1 8
1 67 30 13 21376 3 -1 6
1
67 13 10772 2017 22 27 6517 3 -1 8
67 30 3952 42 10772 3 -1 6
0
67 13 10772 2017 22 27 6517 3 -1 8
61 14 8 6370 566 4294 243 111 3 -1 9
0
67 13 10772 2017 22 27 6517 3 -1 8
67 13 10772 3401 8 3924 2017 10 1542 3 -1 10
0
67 13 10772 2017 22 27 6517 3 -1 8
1 67 30 588 5 165 5 1 7671 1556 526 1 486 3 -1 14
1
67 13 10772 2017 22 27 6517 3 -1 8
67 2338 13 1542 3 -1 5
0
67 13 10772 2017 22 27 6517 3 -1 8
75 67 13 10561 30 1745 22 8 5221 3 -1 10
2
67 13 10772 2017 22 27 6517 3 -1 8
67 30 2017 13 2055 3 -1 6
1
67 13 10772 2017 22 27 6517 3 -1 8
61 30 20137 1745 22 8 579 3 -1 8
2
67 13 10772 2017 22 27 6517 3 -1 8
1 67 30 5790 3 -1 5
2
67 13 10772 2017 22 27 6517 3 -1 8
1 67 30 2017 10 1 983 5 1066 3 -1 10
1
67 13 10772 2017 22 27 6517 3 -1 8
54 71 46 882 13 8 6850 14 19084 1542 1436 3 -1 12
0
67 13 10772 2017 22 27 6517 3 -1 8
67 30 13 1555 10561 3 -1 6
1
67 13 10772 2017 22 27 6517 3 -1 8
61 30 67 13 10772 3 -1 6
2
67 13 10772 2017 22 27 6517 3 -1 8
67 13 10772 1460 128 27 6517 3 -1 8
2
8 295 17 8 631 4501 14 2492 166 295 36 14 1697 13 215 4 8 3943 7600 2550 5 1 215 3 -1 24
1 7600 14 3568 3 -1 5
2
8 295 17 8 631 4501 14 2492 166 295 36 14 1697 13 215 4 8 3943 7600 2550 5 1 215 3 -1 24
8 295 14 1194 166 295 8 21927 3086 3 -1 10
1
8 295 17 8 631 4501 14 2492 166 295 36 14 1697 13 215 4 8 3943 7600 2550 5 1 215 3 -1 24
8 7600 14 543 4 1829 3 -1 7
2
8 295 17 8 631 4501 14 2492 166 295 36 14 1697 13 215 4 8 3943 7600 2550 5 1 215 3 -1 24
8 295 14 5790 121 8 4064 3 -1 8
1
8 295 17 8 631 4501 14 2492 166 295 36 14 1697 13 215 4 8 3943 7600 2550 5 1 215 3 -1 24
8 295 8166 166 295 3 -1 6
0
8 295 17 8 631 4501 14 2492 166 295 36 14 1697 13 215 4 8 3943 7600 2550 5 1 215 3 -1 24
8 1648 10299 14 2916 21 8 355 353 2980 3 -1 11
1
8 295 17 8 631 4501 14 2492 166 295 36 14 1697 13 215 4 8 3943 7600 2550 5 1 215 3 -1 24
1278 14 13 215 4 8 7600 543 4 1829 2 107 1278 1661 12614 3 -1 16
2
8 295 17 8 631 4501 14 2492 166 295 36 14 1697 13 215 4 8 3943 7600 2550 5 1 215 3 -1 24
1 295 14 2492 8 773 3 -1 7
0
8 295 17 8 631 4501 14 2492 166 295 36 14 1697 13 215 4 8 3943 7600 2550 5 1 215 3 -1 24
8 5313 6 24 1623 30 588 5 2263 193 106 892 30 7 42 7600 3 -1 17
0
8 295 17 8 631 4501 14 2492 166 295 36 14 1697 13 215 4 8 3943 7600 2550 5 1 215 3 -1 24
1 7600 14 543 4 2874 3 -1 7
1
8 295 17 8 631 4501 14 2492 166 295 36 14 1697 13 215 4 8 3943 7600 2550 5 1 215 3 -1 24
8 295 14 1697 13 215 4 8 7600 3 -1 10
1
8 295 17 8 631 4501 14 2492 166 295 36 14 1697 13 215 4 8 3943 7600 2550 5 1 215 3 -1 24
1 7600 14 2550 5 1 215 3 -1 8
0
8 295 17 8 631 4501 14 2492 166 295 36 14 1697 13 215 4 8 3943 7600 2550 5 1 215 3 -1 24
1 296 30 580 3 -1 5
2
8 295 17 8 631 4501 14 2492 166 295 36 14 1697 13 215 4 8 3943 7600 2550 5 1 215 3 -1 24
8 295 11309 15231 3 -1 5
0
8 295 17 8 631 4501 14 2492 166 295 36 14 1697 13 215 4 8 3943 7600 2550 5 1 215 3 -1 24
8 295 14 1697 13 8 7600 543 4 12611 3 -1 11
1
8 1551 14 3752 64 4 8 425 8493 5226 114 8 773 3 -1 14
8 2209 14 866 8 4120 4 425 3 -1 9
0
8 1551 14 3752 64 4 8 425 8493 5226 114 8 773 3 -1 14
8 9093 1114 8 4120 23 8 8493 12 18 113 12 2052 114 24 5406 3 -1 17
2
8 1551 14 3752 64 4 8 425 8493 5226 114 8 773 3 -1 14
8 295 14 3752 16935 23 8 2680 3 -1 9
0
85 15933 822 7 323 3 -1 6
1238 822 7 323 -1 4
1
85 15933 822 7 323 3 -1 6
15933 822 7 2348 -1 4
1
85 15933 822 7 323 3 -1 6
8 323 29 5412 1 3001 4 85 15933 3 -1 10
0
85 15933 822 7 323 3 -1 6
29141 15933 30 5557 132 -1 5
0
85 15933 822 7 323 3 -1 6
1 15933 30 3952 11427 9 3 -1 7
2
85 15933 822 7 323 3 -1 6
85 15933 30 217 552 4532 -1 6
2
85 15933 822 7 323 3 -1 6
1 15933 9216 425 -1 4
1
85 15933 822 7 323 3 -1 6
15933 822 10 836 -1 4
0
85 15933 822 7 323 3 -1 6
85 20137 30 3952 7 8 4549 3 -1 8
2
85 15933 822 7 323 3 -1 6
61 14 8 187 3132 2739 3 -1 7
0
85 15933 822 7 323 3 -1 6
85 15933 30 576 8 1010 7 1 323 3 -1 10
1
85 15933 822 7 323 3 -1 6
1 15933 30 7 1 323 3 -1 7
1
85 15933 822 7 323 3 -1 6
8 126 4 15933 30 7 1 486 3 -1 9
2
85 15933 822 7 323 3 -1 6
1 15933 116 68 822 7 1 323 3 -1 9
2
85 15933 822 7 323 3 -1 6
170 15933 30 3952 13 1 579 3 -1 8
2
53 67 8946 7367 13 8 7028 3943 5 8 2433 3 -1 12
8 295 14 1708 8 10622 5 1 425 3 -1 10
1
53 67 8946 7367 13 8 7028 3943 5 8 2433 3 -1 12
8 1292 4 67 30 8946 7367 2084 8 7028 12 14 3943 5 8 2433 3 -1 17
0
53 67 8946 7367 13 8 7028 3943 5 8 2433 3 -1 12
53 67 8946 7367 13 8 7028 3943 5 8 2433 97 37 84 237 9145 6 5385 20 3 -1 20
1
8 295 17 8 8548 2 2600 8 631 4501 17 3510 12175 6 157 8290 2 4835 13 8 8448 3 -1 22
8 11771 295 8457 8 8448 -1 6
0
8 295 17 8 8548 2 2600 8 631 4501 17 3510 12175 6 157 8290 2 4835 13 8 8448 3 -1 22
8 11771 295 14 4835 8 8448 22 157 3 -1 10
1
8 295 17 8 8548 2 2600 8 631 4501 17 3510 12175 6 157 8290 2 4835 13 8 8448 3 -1 22
8 295 8457 13 8 8448 3 -1 7
0
8 295 17 8 8548 2 2600 8 631 4501 17 3510 12175 6 157 8290 2 4835 13 8 8448 3 -1 22
1 295 15 13 1 655 588 5 478 75 1360 3 -1 12
2
8 295 17 8 8548 2 2600 8 631 4501 17 3510 12175 6 157 8290 2 4835 13 8 8448 3 -1 22
8 295 8457 24 8548 -1 5
2
8 295 17 8 8548 2 2600 8 631 4501 17 3510 12175 6 157 8290 2 4835 13 8 8448 3 -1 22
8 11771 295 14 4835 8 563 17 24 5784 3 -1 11
0
8 295 17 8 8548 2 2600 8 631 4501 17 3510 12175 6 157 8290 2 4835 13 8 8448 3 -1 22
8 295 9786 7 8 8448 4835 2760 -1 8
0
8 295 17 8 8548 2 2600 8 631 4501 17 3510 12175 6 157 8290 2 4835 13 8 8448 3 -1 22
8 295 14 588 5 2744 24 563 64 4 8 1206 -1 12
2
8 295 17 8 8548 2 2600 8 631 4501 17 3510 12175 6 157 8290 2 4835 13 8 8448 3 -1 22
1 295 15 2303 18970 3 -1 6
1
8 295 17 8 8548 2 2600 8 631 4501 17 3510 12175 6 157 8290 2 4835 13 8 8448 3 -1 22
8 11771 295 14 4835 13 8 8448 3 -1 9
0
8 295 17 8 8548 2 2600 8 631 4501 17 3510 12175 6 157 8290 2 4835 13 8 8448 3 -1 22
8 295 14 9062 8 14236 555 100 3 -1 9
2
8 295 17 8 8548 2 2600 8 631 4501 17 3510 12175 6 157 8290 2 4835 13 8 8448 3 -1 22
8 295 7 8 15919 2 9438 13 8 8448 3 -1 11
2
8 295 17 8 8548 2 2600 8 631 4501 17 3510 12175 6 157 8290 2 4835 13 8 8448 3 -1 22
8 295 14 2600 8 516 4501 -1 7
1
8 295 17 8 8548 2 2600 8 631 4501 17 3510 12175 6 157 8290 2 4835 13 8 8448 3 -1 22
8 295 14 4835 13 8 8448 3 -1 8
1
8 295 17 8 8548 2 2600 8 631 4501 17 3510 12175 6 157 8290 2 4835 13 8 8448 3 -1 22
1 295 14 658 5 2166 8 8548 3 -1 9
2
8 295 17 9301 2814 6 8 631 6 3510 4501 19523 13 8 2242 4 8448 3 -1 18
8 295 14 6499 13 1 3490 3 -1 8
0
8 295 17 9301 2814 6 8 631 6 3510 4501 19523 13 8 2242 4 8448 3 -1 18
8 295 14 2600 8 631 6 3510 4501 3 -1 10
1
8 295 17 9301 2814 6 8 631 6 3510 4501 19523 13 8 2242 4 8448 3 -1 18
8 295 29 9301 2814 3 -1 6
2
8 19473 8951 773 7 8 968 16179 6 1153 4501 14 11272 8 1685 5249 3 -1 17
1 690 3211 8951 773 14 29142 2279 -1 8
1
8 19473 8951 773 7 8 968 16179 6 1153 4501 14 11272 8 1685 5249 3 -1 17
8 690 3211 8951 773 7 8 968 16179 6 1153 4501 14 11272 8 1685 5249 -1 17
0
8 19473 8951 773 7 8 968 16179 6 1153 4501 14 11272 8 1685 5249 3 -1 17
1 690 3211 8951 773 14 187 1684 -1 8
0
27 948 773 7 8 1153 215 6 968 16179 7062 1726 19 166 773 8194 8 2254 7 1 2001 3 -1 22
27 948 773 14 1684 110 65 233 303 13 1 802 3 -1 13
1
27 948 773 7 8 1153 215 6 968 16179 7062 1726 19 166 773 8194 8 2254 7 1 2001 3 -1 22
27 948 773 14 7062 22 107 166 2627 14 9447 3 -1 12
2
27 948 773 7 8 1153 215 6 968 16179 7062 1726 19 166 773 8194 8 2254 7 1 2001 3 -1 22
27 948 773 14 783 23 8 2739 3 -1 9
1
8 2254 2980 6588 326 3 -1 6
8 2980 14 897 636 5 8 2254 3 -1 9
2
8 2254 2980 6588 326 3 -1 6
1 2254 2980 14 3604 7 1 2422 3 -1 9
0
8 2254 2980 6588 326 3 -1 6
1 2254 2980 835 598 5 2470 1 326 3 -1 10
0
8 352 1682 17 8 13332 14 3604 3 -1 9
8 352 1682 17 8 13332 14 3604 7 8 2977 -1 11
2
8 352 1682 17 8 13332 14 3604 3 -1 9
8 3427 1682 14 5822 135 1 2110 -1 8
1
8 352 1682 17 8 13332 14 3604 3 -1 9
8 352 1682 17 8 13332 14 7 1 425 -1 10
2
8 21519 14158 7 1 2977 3 -1 7
8 8499 17913 7 1 2977 3 -1 7
1
8 21519 14158 7 1 2977 3 -1 7
8 10618 14 7 1 2977 3 -1 7
0
8 21519 14158 7 1 2977 3 -1 7
8 10618 20065 13 1 9237 4 1 2977 3 -1 10
2
8 1292 2 36 1590 5 28 778 44 2214 2 2261 13 8 2652 6283 8 709 4 425 2 1 794 1708 8 945 7 8 17081 2 1 621 5420 7 8 8488 17 1 6000 4 1 2563 722 26 1686 1 266 3 25 -1 49
8 295 14 5420 7 8 7921 8488 3 -1 9
1
8 1292 2 36 1590 5 28 778 44 2214 2 2261 13 8 2652 6283 8 709 4 425 2 1 794 1708 8 945 7 8 17081 2 1 621 5420 7 8 8488 17 1 6000 4 1 2563 722 26 1686 1 266 3 25 -1 49
8 1292 1708 8 945 30 3243 380 425 3 -1 10
0
8 1292 2 36 1590 5 28 778 44 2214 2 2261 13 8 2652 6283 8 709 4 425 2 1 794 1708 8 945 7 8 17081 2 1 621 5420 7 8 8488 17 1 6000 4 1 2563 722 26 1686 1 266 3 25 -1 49
27 778 1292 14 1270 5197 17 8 2563 722 3 -1 11
1
61 14 8 773 1339 8 2129 2 380 17 8 295 17 8 1686 1 266 4240 3 -1 19
8 126 4 67 30 29143 10 27 1618 3 -1 10
0
61 14 8 773 1339 8 2129 2 380 17 8 295 17 8 1686 1 266 4240 3 -1 19
8 295 6 8 773 30 29144 42 622 3 -1 10
2
61 14 8 773 1339 8 2129 2 380 17 8 295 17 8 1686 1 266 4240 3 -1 19
8 295 14 2492 27 6142 3 -1 7
2
8 209 17 8 2129 2 1 621 14 2600 8 1686 1 266 1074 3 -1 16
85 3285 30 13513 3 -1 5
1
8 209 17 8 2129 2 1 621 14 2600 8 1686 1 266 1074 3 -1 16
8 295 14 2600 636 17 1589 13 20 3 -1 10
0
8 209 17 8 2129 2 1 621 14 2600 8 1686 1 266 1074 3 -1 16
8 773 14 1339 8 2129 3 -1 7
2
8 201 209 14 3243 380 8 6133 2652 178 5 1 425 3 -1 14
37 30 3952 8 6370 -1 5
0
8 201 209 14 3243 380 8 6133 2652 178 5 1 425 3 -1 14
67 30 3243 178 5 8 1206 3 -1 8
0
8 201 209 14 3243 380 8 6133 2652 178 5 1 425 3 -1 14
8 11469 126 4 8992 5624 380 8 3235 178 5 8 4598 3 -1 14
1
8 201 209 14 3243 380 8 6133 2652 178 5 1 425 3 -1 14
8 201 209 5537 21 8 6133 3235 380 8 709 4 425 3 -1 14
1
8 201 209 14 3243 380 8 6133 2652 178 5 1 425 3 -1 14
1 209 14 15949 1 425 -1 6
2
8 201 209 14 3243 380 8 6133 2652 178 5 1 425 3 -1 14
1 67 30 1941 8 563 13 1 8256 3 -1 10
2
8 201 209 14 3243 380 8 6133 2652 178 5 1 425 3 -1 14
8 209 4 3586 17913 7 1 425 3 -1 9
0
8 201 209 14 3243 380 8 6133 2652 178 5 1 425 3 -1 14
37 30 588 34 5 793 7 1 425 -1 9
2
8 201 209 14 3243 380 8 6133 2652 178 5 1 425 3 -1 14
8 126 4 6026 302 13 8 6133 3235 178 5 8 4567 4598 3 -1 15
1
8 201 209 14 3243 380 8 6133 2652 178 5 1 425 3 -1 14
8 209 4 3586 5537 21 1 425 3 -1 9
1
8 201 209 14 3243 380 8 6133 2652 178 5 1 425 3 -1 14
8 209 5537 380 8 6133 2652 3 -1 8
2
8 201 209 14 3243 380 8 6133 2652 178 5 1 425 3 -1 14
8 209 1337 529 285 22 42 3076 1727 3 -1 10
1
8 201 209 14 3243 380 8 6133 2652 178 5 1 425 3 -1 14
61 14 8 209 576 8 2261 580 3 -1 9
0
8 201 209 14 3243 380 8 6133 2652 178 5 1 425 3 -1 14
8 209 5537 380 8 6133 2652 7 8 1970 21 8 7276 3 -1 14
0
8 201 209 14 3243 380 8 6133 2652 178 5 1 425 3 -1 14
8 209 4 3586 5537 21 1 1206 3 -1 9
1
8 295 6 8 773 30 1697 178 5 8469 2 1818 107 166 295 2052 22 66 8469 3 -1 20
67 30 847 22 8469 22 8 1103 3 -1 9
1
8 295 6 8 773 30 1697 178 5 8469 2 1818 107 166 295 2052 22 66 8469 3 -1 20
61 30 67 178 5 8469 3 -1 7
0
8 295 6 8 773 30 1697 178 5 8469 2 1818 107 166 295 2052 22 66 8469 3 -1 20
8 295 6 8 773 30 9184 1697 3 -1 9
1
8 295 6 8 773 30 1697 178 5 8469 2 1818 107 166 295 2052 22 66 8469 3 -1 20
67 1697 350 8469 -1 4
2
8 295 6 8 773 30 1697 178 5 8469 2 1818 107 166 295 2052 22 66 8469 3 -1 20
85 67 30 847 22 3403 22 8 160 1719 3 -1 11
2
8 295 6 8 773 30 1697 178 5 8469 2 1818 107 166 295 2052 22 66 8469 3 -1 20
3041 14 1697 3 -1 4
0
8 295 6 8 773 30 1697 178 5 8469 2 1818 107 166 295 2052 22 66 8469 3 -1 20
1 8469 30 8 392 2525 3 -1 7
1
8 295 6 8 773 30 1697 178 5 8469 2 1818 107 166 295 2052 22 66 8469 3 -1 20
8 295 6 8 773 30 1697 3 -1 8
0
8 295 6 8 773 30 1697 178 5 8469 2 1818 107 166 295 2052 22 66 8469 3 -1 20
3995 67 1697 -1 3
2
8 295 6 8 773 30 1697 178 5 8469 2 1818 107 166 295 2052 22 66 8469 3 -1 20
1 14 8 585 6076 3 -1 6
2
8 295 6 8 773 30 1697 178 5 8469 2 1818 107 166 295 2052 22 66 8469 3 -1 20
1 295 6 773 30 1697 21 8 3604 2977 3 -1 11
0
8 295 6 8 773 30 1697 178 5 8469 2 1818 107 166 295 2052 22 66 8469 3 -1 20
67 30 847 22 29145 12 33 113 21 8 1557 2037 3 -1 13
0
8 295 6 8 773 30 1697 178 5 8469 2 1818 107 166 295 2052 22 66 8469 3 -1 20
61 30 8469 4 67 3 -1 6
1
8 295 6 8 773 30 1697 178 5 8469 2 1818 107 166 295 2052 22 66 8469 3 -1 20
61 30 29146 1432 3 -1 5
2
8 295 6 8 773 30 1697 178 5 8469 2 1818 107 166 295 2052 22 66 8469 3 -1 20
8 295 6 8 773 30 2797 3 -1 8
0
126 4 456 261 7 7915 15734 13 1 9374 3 -1 11
62 1 261 30 140 4386 -1 6
2
126 4 456 261 7 7915 15734 13 1 9374 3 -1 11
62 1 456 1863 222 1 56 1853 -1 8
1
126 4 456 261 7 7915 15734 13 1 9374 3 -1 11
61 30 75 498 46 4 98 4 456 3149 30 7 7915 15734 10 8 9715 2261 -1 18
1
8 295 2600 8 11911 215 6 7731 255 8 17465 5843 13 75 1923 107 8 295 36 14 18693 72 4134 100 3 -1 25
8 295 14 15879 8 295 16441 3 -1 8
2
8 295 2600 8 11911 215 6 7731 255 8 17465 5843 13 75 1923 107 8 295 36 14 18693 72 4134 100 3 -1 25
8 295 14 3952 24 13248 1435 -1 7
0
8 295 2600 8 11911 215 6 7731 255 8 17465 5843 13 75 1923 107 8 295 36 14 18693 72 4134 100 3 -1 25
1972 6967 850 14 15879 1972 7814 16441 -1 8
2
8 295 18924 7 1 17589 4 8 6480 107 576 8 6480 4 24 256 4 8 295 897 8 16441 3101 7986 7 17522 1043 8 628 1212 4 9116 9524 3 -1 34
8 295 14 576 1 1757 4 8 21519 36 14 131 487 21 8503 3 -1 16
2
8 295 18924 7 1 17589 4 8 6480 107 576 8 6480 4 24 256 4 8 295 897 8 16441 3101 7986 7 17522 1043 8 628 1212 4 9116 9524 3 -1 34
7701 3122 8 2209 21519 3092 8563 1015 27 2951 442 3 -1 12
2
8 295 18924 7 1 17589 4 8 6480 107 576 8 6480 4 24 256 4 8 295 897 8 16441 3101 7986 7 17522 1043 8 628 1212 4 9116 9524 3 -1 34
8 773 14 16441 17 69 6735 3 -1 8
1
8 295 18924 7 1 17589 4 8 6480 107 576 8 6480 4 24 256 4 8 295 897 8 16441 3101 7986 7 17522 1043 8 628 1212 4 9116 9524 3 -1 34
8 295 14 576 1 1757 4 8 21519 36 14 3092 8 5843 3 -1 15
2
8 295 18924 7 1 17589 4 8 6480 107 576 8 6480 4 24 256 4 8 295 897 8 16441 3101 7986 7 17522 1043 8 628 1212 4 9116 9524 3 -1 34
8 295 4134 8 3891 3 -1 6
0
8 295 18924 7 1 17589 4 8 6480 107 576 8 6480 4 24 256 4 8 295 897 8 16441 3101 7986 7 17522 1043 8 628 1212 4 9116 9524 3 -1 34
8 295 14 576 2520 4 24 622 897 8563 13 1 17465 3 -1 14
0
8 295 18924 7 1 17589 4 8 6480 107 576 8 6480 4 24 256 4 8 295 897 8 16441 3101 7986 7 17522 1043 8 628 1212 4 9116 9524 3 -1 34
8 295 4134 1972 7814 16441 3 -1 7
1
8 295 18924 7 1 17589 4 8 6480 107 576 8 6480 4 24 256 4 8 295 897 8 16441 3101 7986 7 17522 1043 8 628 1212 4 9116 9524 3 -1 34
8 295 14 576 2520 4 16441 8563 3 -1 9
1
8 295 18924 7 1 17589 4 8 6480 107 576 8 6480 4 24 256 4 8 295 897 8 16441 3101 7986 7 17522 1043 8 628 1212 4 9116 9524 3 -1 34
67 186 2520 9524 107 8 295 8027 5437 16441 8563 3 -1 12
1
8 295 18924 7 1 17589 4 8 6480 107 576 8 6480 4 24 256 4 8 295 897 8 16441 3101 7986 7 17522 1043 8 628 1212 4 9116 9524 3 -1 34
8 295 14 15879 166 295 3 -1 7
0
8 295 18924 7 1 17589 4 8 6480 107 576 8 6480 4 24 256 4 8 295 897 8 16441 3101 7986 7 17522 1043 8 628 1212 4 9116 9524 3 -1 34
8 1352 5399 14 576 2354 4 8 1352 10618 3 -1 11
2
8 295 18924 7 1 17589 4 8 6480 107 576 8 6480 4 24 256 4 8 295 897 8 16441 3101 7986 7 17522 1043 8 628 1212 4 9116 9524 3 -1 34
53 296 30 217 132 8 425 4936 3 -1 9
1
8 295 18924 7 1 17589 4 8 6480 107 576 8 6480 4 24 256 4 8 295 897 8 16441 3101 7986 7 17522 1043 8 628 1212 4 9116 9524 3 -1 34
8 295 4134 8 21519 897 8563 3 -1 8
0
8 295 18924 7 1 17589 4 8 6480 107 576 8 6480 4 24 256 4 8 295 897 8 16441 3101 7986 7 17522 1043 8 628 1212 4 9116 9524 3 -1 34
8 295 3080 5 165 1 2468 1757 4 8 21519 10 8 1197 3 -1 15
0
8 295 18924 7 1 17589 4 8 6480 107 576 8 6480 4 24 256 4 8 295 897 8 16441 3101 7986 7 17522 1043 8 628 1212 4 9116 9524 3 -1 34
8 2209 21519 8027 8563 9524 10 1132 7701 3 -1 10
2
46 15497 14 783 17 42 6370 107 166 14 3952 200 98 3 -1 14
1 67 30 1941 1238 -1 5
0
46 15497 14 783 17 42 6370 107 166 14 3952 200 98 3 -1 14
1 67 30 150 4 8 444 -1 7
1
46 15497 14 783 17 42 6370 107 166 14 3952 200 98 3 -1 14
67 31 10561 -1 3
2
53 67 17 10772 2 46 7 660 783 17 8 6370 6 46 7 134 3952 3 -1 18
53 67 4060 1655 4551 14387 22 1 4337 3 -1 10
0
53 67 17 10772 2 46 7 660 783 17 8 6370 6 46 7 134 3952 3 -1 18
53 67 576 42 10561 5 1 3235 3 -1 9
1
53 67 17 10772 2 46 7 660 783 17 8 6370 6 46 7 134 3952 3 -1 18
46 882 783 178 5 42 6370 17 1 882 3952 42 6370 555 98 3 -1 16
2
8 456 295 897 8 5843 13 8 17465 132 1 9116 107 131 8985 3 -1 16
8 456 295 7748 9649 526 8 9715 107 131 8985 3 -1 12
0
8 456 295 897 8 5843 13 8 17465 132 1 9116 107 131 8985 3 -1 16
8 29147 456 295 255 8 5843 13 8 17465 107 131 8985 3 -1 14
1
8 456 295 897 8 5843 13 8 17465 132 1 9116 107 131 8985 3 -1 16
8 295 131 8985 107 18 255 8 5843 13 24 17465 132 1 9116 3 -1 16
0
8 2627 7 8 516 6 293 11911 4501 6 1339 8 14616 4 3944 2 2052 2379 22 53 10578 1818 13 1 1923 3 -1 26
8 2627 14 57 5 7040 5 69 6735 3 -1 10
1
8 2627 7 8 516 6 293 11911 4501 6 1339 8 14616 4 3944 2 2052 2379 22 53 10578 1818 13 1 1923 3 -1 26
8 2627 17 8 1011 614 14 1697 17 53 2175 7 660 4 1923 580 3 -1 17
2
8 2627 7 8 516 6 293 11911 4501 6 1339 8 14616 4 3944 2 2052 2379 22 53 10578 1818 13 1 1923 3 -1 26
85 2175 30 1697 9453 17 3944 7 42 1242 3 -1 11
2
8 295 3243 10125 132 1 486 3 -1 8
1 295 14 7 1 2360 2492 13258 3 -1 9
0
8 295 3243 10125 132 1 486 3 -1 8
1 295 14 150 4 1 2296 4364 4264 3 -1 10
1
8 295 3243 10125 132 1 486 3 -1 8
8 295 14 580 3 -1 5
0
130 5996 2028 30 897 24025 73 8 3604 2977 3 -1 11
130 1069 30 513 8 970 5 248 36 5923 1 94 425 64 4 8 2977 3 -1 18
1
130 5996 2028 30 897 24025 73 8 3604 2977 3 -1 11
8 126 4 456 296 30 18783 8 525 4 425 3 -1 12
2
130 5996 2028 30 897 24025 73 8 3604 2977 3 -1 11
75 2028 30 4060 7458 7 8 2412 3 -1 9
0
85 296 1697 13 4129 21 1 425 847 22 636 13 8 1727 3 -1 15
1 85 296 30 21 1 1206 3 -1 8
1
85 296 1697 13 4129 21 1 425 847 22 636 13 8 1727 3 -1 15
1 85 296 30 580 3 -1 6
2
85 296 1697 13 4129 21 1 425 847 22 636 13 8 1727 3 -1 15
1 85 296 30 9453 688 25166 3 -1 8
0
8 773 2435 555 27 4863 7991 17 8 1153 6566 4 559 7 69 1242 3 -1 17
8 773 1339 8 1153 6566 543 4 559 22 8 209 23938 3 -1 14
1
8 773 2435 555 27 4863 7991 17 8 1153 6566 4 559 7 69 1242 3 -1 17
8 773 1697 555 8 7991 580 17 8 1153 6566 4 559 7 69 1242 3 -1 17
2
8 773 2435 555 27 4863 7991 17 8 1153 6566 4 559 7 69 1242 3 -1 17
8 773 1339 8 1153 6566 543 4 6648 4528 580 4 8 507 3 -1 15
0
8 600 9088 890 45 175 128 8 1429 7276 3 -1 11
8 563 1605 4443 7 1 425 3 -1 8
2
8 600 9088 890 45 175 128 8 1429 7276 3 -1 11
8 563 14 7 1 2685 3 -1 7
1
8 600 9088 890 45 175 128 8 1429 7276 3 -1 11
8 563 5110 128 1 425 3 -1 7
1
106 67 8165 7 1 4234 3 -1 7
8 126 4 67 30 580 3 -1 7
0
106 67 8165 7 1 4234 3 -1 7
8 209 6813 1 7417 119 7 42 9601 3 -1 10
2
106 67 8165 7 1 4234 3 -1 7
67 1653 801 7 42 744 910 3 -1 8
1
8 563 6537 7 425 3 -1 6
8 563 14 4516 3 -1 5
0
8 563 6537 7 425 3 -1 6
8 563 29 3417 73 8 421 1206 3 -1 9
2
8 563 6537 7 425 3 -1 6
8 2433 5110 132 8 120 579 7 1 7213 3 -1 11
1
8 295 2600 516 14 688 27 2248 3485 22 8 2827 3 -1 13
8 295 14 688 1 3485 3 -1 7
0
8 295 2600 516 14 688 27 2248 3485 22 8 2827 3 -1 13
8 295 14 3714 19 18 1337 3485 3 -1 9
2
8 295 2600 516 14 688 27 2248 3485 22 8 2827 3 -1 13
8 295 14 688 1 4268 3 -1 7
2
8 295 17 2258 2814 4603 8 268 688 8 3485 308 895 3 -1 14
1 10804 295 329 1 6107 3 -1 7
1
8 295 17 2258 2814 4603 8 268 688 8 3485 308 895 3 -1 14
8 1776 2435 13 895 17 24 3485 3 -1 9
0
8 295 17 2258 2814 4603 8 268 688 8 3485 308 895 3 -1 14
46 4860 847 295 1337 7 8 268 3 -1 9
0
773 6 945 13 13516 563 6937 2584 6 207 6 1218 6 2349 -1 14
1 773 14 1708 69 945 3 -1 7
1
773 6 945 13 13516 563 6937 2584 6 207 6 1218 6 2349 -1 14
1 773 14 13 8 13516 3 -1 7
2
773 6 945 13 13516 563 6937 2584 6 207 6 1218 6 2349 -1 14
1 773 6 945 30 13 8 5051 1420 3 -1 10
0
53 1574 737 4780 2 46 676 137 1131 46 293 2 847 72 9789 7 8 715 3 -1 19
20291 22 22 8 3056 1062 281 3 -1 8
2
53 1574 737 4780 2 46 676 137 1131 46 293 2 847 72 9789 7 8 715 3 -1 19
20291 213 157 6 30 1941 5 3760 3 -1 9
1
53 1574 737 4780 2 46 676 137 1131 46 293 2 847 72 9789 7 8 715 3 -1 19
61 30 67 22 157 3 -1 6
0
53 6115 30 2091 128 21499 3 -1 7
53 6115 30 3939 10 42 289 7593 3 -1 9
2
53 6115 30 2091 128 21499 3 -1 7
1 1863 30 2492 8 983 3 -1 7
1
53 6115 30 2091 128 21499 3 -1 7
75 261 30 2091 3 -1 5
0
8 295 7 1 2185 14 3243 336 8 5212 993 4122 17 1330 6 10067 3 -1 17
8 295 5537 415 23 8 993 18 29 19808 3 -1 11
2
8 295 7 1 2185 14 3243 336 8 5212 993 4122 17 1330 6 10067 3 -1 17
8 295 5179 6 6504 1 10067 13 8 993 3 -1 11
1
8 295 7 1 2185 14 3243 336 8 5212 993 4122 17 1330 6 10067 3 -1 17
29148 13 8 5212 993 3 -1 6
2
8 773 6 8 945 1339 13 5 1 15610 107 13 13516 3 -1 14
1 67 30 34 1339 2084 1070 3 -1 8
1
8 773 6 8 945 1339 13 5 1 15610 107 13 13516 3 -1 14
1 67 30 1339 2084 1 2872 3 -1 8
0
8 773 6 8 945 1339 13 5 1 15610 107 13 13516 3 -1 14
1 67 30 13 8 13516 7 607 1466 3 -1 10
2
8 295 7 8 11911 8077 4501 14 4986 6 7062 3 -1 12
1 295 14 3604 -1 4
0
8 295 7 8 11911 8077 4501 14 4986 6 7062 3 -1 12
1 295 14 580 -1 4
1
8 295 7 8 11911 8077 4501 14 4986 6 7062 3 -1 12
1 295 1306 1684 -1 4
0
8 1776 3092 8 6850 2888 5843 10 27 1961 3 -1 11
8 17206 1352 14 897 8 3651 23551 -1 8
2
8 1776 3092 8 6850 2888 5843 10 27 1961 3 -1 11
1972 7814 14 3092 8 5089 5843 -1 7
1
8 1776 3092 8 6850 2888 5843 10 27 1961 3 -1 11
8 1776 14 3092 8 6370 5843 -1 7
1
8 28808 773 7 8 1153 4146 5633 17 20916 13 20 11481 636 13 69 357 3 -1 18
1 773 14 2600 8 5633 3 -1 7
2
8 28808 773 7 8 1153 4146 5633 17 20916 13 20 11481 636 13 69 357 3 -1 18
1 773 5719 69 10964 2814 3 -1 7
0
8 28808 773 7 8 1153 4146 5633 17 20916 13 20 11481 636 13 69 357 3 -1 18
1 773 14 8868 2749 23 1 2493 3 -1 9
0
53 266 277 580 7 8 603 3 -1 8
8 1168 6 1915 3805 231 66 7 8 603 3 -1 11
1
53 266 277 580 7 8 603 3 -1 8
1738 30 688 9524 3 -1 5
2
53 266 277 580 7 8 603 3 -1 8
53 266 30 2091 22 42 12542 3 -1 8
2
46 295 5179 1015 6 1337 1 14771 2 61 30 2651 555 100 580 3 -1 16
8 295 956 580 3 -1 5
1
46 295 5179 1015 6 1337 1 14771 2 61 30 2651 555 100 580 3 -1 16
8 2209 2797 9453 3 -1 5
0
46 295 5179 1015 6 1337 1 14771 2 61 30 2651 555 100 580 3 -1 16
8 2209 1337 8 14771 107 2797 13 8 12876 3 -1 11
2
53 266 2 7 7159 10613 2 688 7 8 603 17 8 360 1107 7 1 690 3 -1 19
86 68 277 17 4603 -1 5
1
53 266 2 7 7159 10613 2 688 7 8 603 17 8 360 1107 7 1 690 3 -1 19
53 1738 30 688 17 8 360 1107 7 1 603 -1 11
0
53 266 2 7 7159 10613 2 688 7 8 603 17 8 360 1107 7 1 690 3 -1 19
53 1738 30 688 17 8 360 1107 7 1 603 17 209 -1 13
0
53 456 1863 30 688 580 7 8 27290 1504 3 -1 11
75 1863 30 783 128 27 305 603 3 -1 9
1
53 456 1863 30 688 580 7 8 27290 1504 3 -1 11
53 1863 30 688 580 3 -1 6
2
53 456 1863 30 688 580 7 8 27290 1504 3 -1 11
75 1863 30 783 13 1 9374 2 178 5 75 7100 1238 3 -1 14
2
53 266 7 8638 277 7 27 305 2 5107 603 3 -1 12
1 266 30 22 159 4060 3760 3 -1 8
1
53 266 7 8638 277 7 27 305 2 5107 603 3 -1 12
1 266 30 688 7 8 5107 603 3 -1 9
0
53 266 7 8638 277 7 27 305 2 5107 603 3 -1 12
1 266 30 688 2934 3 -1 6
0
8 773 2600 8 968 6 4793 4146 14 4704 17 1278 2600 8 1153 215 17 293 6687 3 -1 20
1 4704 773 14 13 1 4129 3 -1 8
1
8 773 2600 8 968 6 4793 4146 14 4704 17 1278 2600 8 1153 215 17 293 6687 3 -1 20
1 773 7 968 6 4793 14 4704 3 -1 9
2
8 773 2600 8 968 6 4793 4146 14 4704 17 1278 2600 8 1153 215 17 293 6687 3 -1 20
1 4704 773 14 1435 7 69 5964 3 -1 9
1
295 7 752 6687 847 22 1 3251 3 -1 9
295 847 22 1 3251 3 -1 6
0
295 7 752 6687 847 22 1 3251 3 -1 9
295 847 22 636 3 -1 5
2
295 7 752 6687 847 22 1 3251 3 -1 9
295 14 3243 415 5 1 1029 3 -1 8
1
8 295 7 8 752 10045 5179 7 660 4 1 932 3 -1 13
8 295 7 8 752 10045 2797 22 24 932 2492 1 932 2355 3 -1 15
0
8 295 7 8 752 10045 5179 7 660 4 1 932 3 -1 13
8 295 7 8 1989 10045 2797 22 24 932 13588 5 24 1069 1253 3 -1 16
2
8 295 7 8 752 10045 5179 7 660 4 1 932 3 -1 13
8 295 7 1153 6687 2797 6 2492 1 453 3 -1 11
1
295 2600 516 18677 2797 22 8 932 4886 3 -1 10
1 295 14 495 13 1 932 -1 7
2
295 2600 516 18677 2797 22 8 932 4886 3 -1 10
1 295 171 135 157 6 15 22 1 4996 62 119 -1 12
0
295 2600 516 18677 2797 22 8 932 4886 3 -1 10
1 295 14 897 8 706 10 157 -1 8
2
8 11771 295 7 8 516 18677 5179 7 660 4 8 4886 1339 8 932 3 -1 17
8 295 14 1697 7 1 2187 3 -1 8
1
8 11771 295 7 8 516 18677 5179 7 660 4 8 4886 1339 8 932 3 -1 17
8 295 2017 17 24 932 3 -1 7
0
8 11771 295 7 8 516 18677 5179 7 660 4 8 4886 1339 8 932 3 -1 17
8 295 2096 8 48 8298 3 -1 7
1
8 295 7 8 752 20336 10045 2 2797 22 8 932 4886 2 2052 22 1 3251 17 24 1242 1047 5 24 614 3 -1 26
8 295 14 847 22 24 19955 -1 7
0
8 295 7 8 752 20336 10045 2 2797 22 8 932 4886 2 2052 22 1 3251 17 24 1242 1047 5 24 614 3 -1 26
18 14 3445 58 24 614 -1 6
2
8 295 7 8 752 20336 10045 2 2797 22 8 932 4886 2 2052 22 1 3251 17 24 1242 1047 5 24 614 3 -1 26
8 295 14 6977 24 7329 64 -1 7
1
8 456 1682 2797 22 8 1727 17 8 1905 13 69 357 -1 13
8 456 1682 29 8 1905 13 69 357 -1 9
0
8 456 1682 2797 22 8 1727 17 8 1905 13 69 357 -1 13
8 12037 7019 69 1905 4 13816 13 69 357 -1 10
2
8 456 1682 2797 22 8 1727 17 8 1905 13 69 357 -1 13
8 295 14 4060 10991 7 24 563 -1 8
0
8 295 8513 17 8 479 9022 22 359 3 -1 10
1 1626 8283 19 18 29149 -1 6
2
8 295 8513 17 8 479 9022 22 359 3 -1 10
1 773 255 8 17687 2153 -1 6
1
8 295 8513 17 8 479 9022 22 359 3 -1 10
1 295 14 4704 -1 4
1
8 1990 4505 1 6222 4 8 12037 3 -1 9
1 12037 14 866 8 16422 3 -1 7
2
8 1990 4505 1 6222 4 8 12037 3 -1 9
1 1990 14 847 1015 1 12037 9 3770 3 -1 10
0
8 1990 4505 1 6222 4 8 12037 3 -1 9
1 26741 409 28 4025 3 -1 6
0
456 10380 773 2119 69 2055 73 8 425 8493 -1 10
8 456 773 2600 27 1672 10827 2 6 1339 69 4526 7 69 1242 2 14 12311 46 2055 73 10350 8493 7 1117 3 -1 26
2
456 10380 773 2119 69 2055 73 8 425 8493 -1 10
8 456 10380 773 14 2797 132 13 8 1445 3506 3 -1 12
1
456 10380 773 2119 69 2055 73 8 425 8493 -1 10
8 882 14 12311 69 2055 73 425 3 -1 9
2
8 456 773 3080 5 3960 69 2055 7 8 8493 3 -1 12
1 773 14 3952 8 1420 3 -1 7
1
8 456 773 3080 5 3960 69 2055 7 8 8493 3 -1 12
8 773 14 350 8 8493 3 -1 7
1
8 456 773 3080 5 3960 69 2055 7 8 8493 3 -1 12
1 773 29 46 2055 7 1 320 3 -1 9
2
8 773 7 17648 7731 25251 13 1 2110 4 8 8493 17 69 213 2055 4663 64 5 3012 1 2216 425 3 -1 24
8 773 14 3243 7 617 -1 6
0
8 773 7 17648 7731 25251 13 1 2110 4 8 8493 17 69 213 2055 4663 64 5 3012 1 2216 425 3 -1 24
8 773 14 187 4533 5 3012 1 425 -1 9
1
8 773 7 17648 7731 25251 13 1 2110 4 8 8493 17 69 213 2055 4663 64 5 3012 1 2216 425 3 -1 24
8 773 14 114 5 3012 1 425 7 8493 -1 10
1
773 8859 13 2110 4 8493 107 6977 69 8129 7 1 425 3 -1 14
8 773 1304 13 8 8493 6 13663 69 10888 7 3 -1 12
2
773 8859 13 2110 4 8493 107 6977 69 8129 7 1 425 3 -1 14
8 773 5179 13 1 13453 802 3 -1 8
0
773 8859 13 2110 4 8493 107 6977 69 8129 7 1 425 3 -1 14
27 163 773 2435 13 8 8493 6 7247 69 10888 7 3 -1 13
1
8 1292 21170 2497 6 2497 6 808 7 808 132 8 112 9374 3 -1 15
1 1292 14 9524 3 -1 5
0
8 1292 21170 2497 6 2497 6 808 7 808 132 8 112 9374 3 -1 15
1 1292 14 1137 3 -1 5
2
8 1292 21170 2497 6 2497 6 808 7 808 132 8 112 9374 3 -1 15
1 1292 14 513 3076 22 8 2412 3 -1 9
1
8 295 12229 22 8 2646 1292 107 3243 132 1 1878 3 -1 13
8 295 16336 22 8 2646 1292 3 -1 8
0
8 295 12229 22 8 2646 1292 107 3243 132 1 1878 3 -1 13
1 295 14 11445 4 1 1292 3 -1 8
2
8 295 12229 22 8 2646 1292 107 3243 132 1 1878 3 -1 13
1 773 16336 22 8 1292 19 37 3728 132 1 1878 3 -1 13
0
8 1292 30 1339 1242 555 42 4924 107 3243 132 8 486 2 6 1 295 29 24 2497 200 69 3593 3 -1 24
1292 3243 159 -1 3
1
8 1292 30 1339 1242 555 42 4924 107 3243 132 8 486 2 6 1 295 29 24 2497 200 69 3593 3 -1 24
1292 3243 -1 2
2
8 1292 30 1339 1242 555 42 4924 107 3243 132 8 486 2 6 1 295 29 24 2497 200 69 3593 3 -1 24
2835 7 4996 -1 3
2
8 295 6 8 773 30 1339 1242 19 37 2261 380 8 112 9374 3 -1 16
8 1137 1292 30 784 13 1 9374 3 -1 9
0
8 295 6 8 773 30 1339 1242 19 37 2261 380 8 112 9374 3 -1 16
8 1137 1292 30 1339 1242 19 37 2261 380 1 112 9374 3 -1 14
1
8 295 6 8 773 30 1339 1242 19 37 2261 380 8 112 9374 3 -1 16
8 295 6 8 773 30 1339 1242 3 -1 9
2
8 295 7 631 2435 17 24 945 22 1 1445 3 -1 12
8 295 2600 1153 5790 17 24 945 7 24 4766 1015 24 159 3 -1 15
0
8 295 7 631 2435 17 24 945 22 1 1445 3 -1 12
8 295 2600 631 1697 17 24 945 22 8 1445 7794 1 2422 3 -1 15
0
8 295 7 631 2435 17 24 945 22 1 1445 3 -1 12
8 295 2600 631 1697 17 24 945 19 37 1653 418 1158 4554 12057 22 1 1445 3 -1 19
1
48 1852 14 131 329 5 268 6260 5 1 1738 36 84 34 2261 3 -1 16
67 30 688 8 1852 7 2260 4 9188 67 3 -1 11
2
48 1852 14 131 329 5 268 6260 5 1 1738 36 84 34 2261 3 -1 16
67 30 688 530 291 4721 3 -1 7
0
48 1852 14 131 329 5 268 6260 5 1 1738 36 84 34 2261 3 -1 16
67 8 688 8 1852 5 270 857 8 9188 67 857 3 -1 13
0
53 296 7 16042 30 2278 7 1 320 10 8 1716 3 -1 13
53 4640 296 7 16042 30 2278 7 1 320 10 8 1716 3 -1 14
1
53 296 7 16042 30 2278 7 1 320 10 8 1716 3 -1 13
53 67 7 16042 30 2278 7 1 320 10 8 1716 3 -1 13
2
53 296 7 16042 30 2278 7 1 320 10 8 1716 3 -1 13
53 261 7 16042 30 2278 7 1 320 10 8 1716 3 -1 13
0
85 8151 1716 474 2600 142 6452 30 4417 5 999 1 11512 1716 17 66 474 7 1 2001 3 -1 21
75 8151 1716 474 688 1 1716 544 3 -1 9
1
85 8151 1716 474 2600 142 6452 30 4417 5 999 1 11512 1716 17 66 474 7 1 2001 3 -1 21
85 8151 1716 474 688 1716 7 603 3 -1 9
2
85 8151 1716 474 2600 142 6452 30 4417 5 999 1 11512 1716 17 66 474 7 1 2001 3 -1 21
8 4820 30 576 3155 593 22 29150 3 -1 9
2
130 2175 7 16042 13 8 1716 198 53 30 588 5 6569 8 1716 7 17522 3 -1 18
130 2175 30 688 2740 3 -1 6
1
130 2175 7 16042 13 8 1716 198 53 30 588 5 6569 8 1716 7 17522 3 -1 18
130 2175 30 688 1716 3 -1 6
0
130 2175 7 16042 13 8 1716 198 53 30 588 5 6569 8 1716 7 17522 3 -1 18
1 130 474 30 11093 3 -1 6
2
85 3533 7 489 10694 4 1018 6 293 11031 6 17365 231 66 3 -1 15
1 3533 30 784 -1 4
1
85 3533 7 489 10694 4 1018 6 293 11031 6 17365 231 66 3 -1 15
61 30 85 3533 -1 4
0
85 3533 7 489 10694 4 1018 6 293 11031 6 17365 231 66 3 -1 15
1 2739 688 -1 3
0
53 3533 17612 7407 8 240 2739 2 40 29 45 7329 6977 64 3 -1 15
53 16076 7407 42 794 2 107 65 6687 3 -1 10
2
53 3533 17612 7407 8 240 2739 2 40 29 45 7329 6977 64 3 -1 15
53 3533 30 5790 107 8 240 11309 45 559 3 -1 11
1
53 3533 17612 7407 8 240 2739 2 40 29 45 7329 6977 64 3 -1 15
8 2428 4 3533 16227 8 240 17 23205 3 -1 10
2
85 352 16076 7407 6 277 593 7 1 4129 3 -1 11
1 16076 30 5790 7 8 6566 3 -1 8
0
85 352 16076 7407 6 277 593 7 1 4129 3 -1 11
37 30 688 22 1 2739 617 3 -1 8
1
85 352 16076 7407 6 277 593 7 1 4129 3 -1 11
85 16076 30 688 580 3 -1 6
0
53 3533 11031 166 2739 7 8 603 3 -1 9
3533 27582 -1 2
1
53 3533 11031 166 2739 7 8 603 3 -1 9
3533 4204 166 2739 -1 4
2
53 3533 11031 166 2739 7 8 603 3 -1 9
2739 2797 7 1401 -1 4
2
2545 2017 22 8 1420 822 3 -1 7
3167 3243 200 27 748 1103 3 -1 7
0
2545 2017 22 8 1420 822 3 -1 7
8 126 4 3167 2017 10 8 1420 580 3 -1 10
1
2545 2017 22 8 1420 822 3 -1 7
8 126 4 3167 2017 10 8 1420 22 8 1420 510 3 -1 13
1
8 1990 7 1153 17248 14 3092 27 938 5438 21 53 296 6 8 773 3 -1 17
8 163 295 15 1818 -1 5
2
8 1990 7 1153 17248 14 3092 27 938 5438 21 53 296 6 8 773 3 -1 17
1 2028 33 3132 -1 4
0
8 1990 7 1153 17248 14 3092 27 938 5438 21 53 296 6 8 773 3 -1 17
1 945 15 1684 -1 4
0
8 773 17 8 516 6830 5537 336 27 4863 983 8121 3 -1 13
8 1574 14 1187 8 983 2360 3 -1 8
1
8 773 17 8 516 6830 5537 336 27 4863 983 8121 3 -1 13
8 773 3243 580 3 -1 5
2
8 773 17 8 516 6830 5537 336 27 4863 983 8121 3 -1 13
8 773 14 6130 58 3 -1 6
1
8 295 7 27 12369 4891 1339 8 293 7284 14 1697 13 1 9374 17 53 66 296 3 -1 20
8 295 2435 3 -1 4
2
8 295 7 27 12369 4891 1339 8 293 7284 14 1697 13 1 9374 17 53 66 296 3 -1 20
188 820 9 114 8 631 2 631 14500 3 -1 10
0
8 295 7 27 12369 4891 1339 8 293 7284 14 1697 13 1 9374 17 53 66 296 3 -1 20
418 30 1432 3 -1 4
2
778 2627 6 8 1776 7 8 1153 2398 4704 7 1 9866 3 -1 14
8 773 11309 8 16996 3 -1 6
1
778 2627 6 8 1776 7 8 1153 2398 4704 7 1 9866 3 -1 14
53 67 4704 9524 3 -1 5
0
778 2627 6 8 1776 7 8 1153 2398 4704 7 1 9866 3 -1 14
53 67 4704 107 8 763 8027 3 -1 8
1
53 1521 296 30 1818 3 -1 6
53 67 30 513 8 3924 3 -1 7
0
53 1521 296 30 1818 3 -1 6
296 30 10972 2566 3 -1 5
2
53 1521 296 30 1818 3 -1 6
8 1626 14 1818 72 231 66 3 -1 8
0
8 1555 15497 5803 8 7889 9524 7 8 1970 232 3 -1 12
37 30 217 1550 3 -1 5
1
8 1555 15497 5803 8 7889 9524 7 8 1970 232 3 -1 12
8 15497 14 897 8435 21 2651 3 -1 8
2
8 1555 15497 5803 8 7889 9524 7 8 1970 232 3 -1 12
37 30 68 13 10561 3 -1 6
0
8 1555 15497 5803 8 7889 9524 7 8 1970 232 3 -1 12
8 882 14 588 5 2245 48 8563 13 42 6370 3 -1 12
1
8 1555 15497 5803 8 7889 9524 7 8 1970 232 3 -1 12
1 15497 14 5803 73 8 2737 3 -1 8
1
8 1555 15497 5803 8 7889 9524 7 8 1970 232 3 -1 12
8 882 7448 8 6370 9524 3 -1 7
0
8 1555 15497 5803 8 7889 9524 7 8 1970 232 3 -1 12
1 15497 84 28 8 295 44 8 773 -1 9
1
8 1555 15497 5803 8 7889 9524 7 8 1970 232 3 -1 12
61 9 8 15497 -1 4
0
8 1555 15497 5803 8 7889 9524 7 8 1970 232 3 -1 12
8 15497 14 897 8435 7 8 11429 232 3 -1 10
0
8 1555 15497 5803 8 7889 9524 7 8 1970 232 3 -1 12
1 15497 14 615 8 352 6370 5 2888 8 2737 3 -1 12
1
8 1555 15497 5803 8 7889 9524 7 8 1970 232 3 -1 12
37 30 6596 2651 3 -1 5
2
8 1555 15497 5803 8 7889 9524 7 8 1970 232 3 -1 12
1 1555 15497 14 217 13 8 3416 3235 3 -1 10
2
8 1555 15497 5803 8 7889 9524 7 8 1970 232 3 -1 12
1 15497 14 588 5 2888 72 8 6930 3 -1 10
2
8 1555 15497 5803 8 7889 9524 7 8 1970 232 3 -1 12
18 9 9453 -1 3
2
8 1555 15497 5803 8 7889 9524 7 8 1970 232 3 -1 12
8 882 14 3952 7 8 16571 3 -1 8
0
53 1521 296 7 1546 9370 1818 580 4 8 2685 17 8 13453 7122 1924 7 8 880 5633 4 2493 7 660 4 20 3 -1 27
1 163 296 30 4903 1 1564 3 -1 8
1
53 1521 296 7 1546 9370 1818 580 4 8 2685 17 8 13453 7122 1924 7 8 880 5633 4 2493 7 660 4 20 3 -1 27
53 163 296 7 1546 9370 1051 580 3 -1 9
2
53 1521 296 7 1546 9370 1818 580 4 8 2685 17 8 13453 7122 1924 7 8 880 5633 4 2493 7 660 4 20 3 -1 27
1 163 296 30 2600 23286 3 -1 7
2
53 4056 296 513 8 3924 2 2493 1924 4129 7 1 2001 3 -1 14
1 296 30 3752 3155 6 513 75 8744 -1 9
2
53 4056 296 513 8 3924 2 2493 1924 4129 7 1 2001 3 -1 14
1 296 30 5790 -1 4
1
53 4056 296 513 8 3924 2 2493 1924 4129 7 1 2001 3 -1 14
61 30 53 296 580 7 35 1757 -1 8
0
53 296 30 1697 580 6 2493 14 13 1 802 3 -1 12
53 296 3030 10 8 16998 823 3 -1 8
1
53 296 30 1697 580 6 2493 14 13 1 802 3 -1 12
67 30 350 2493 3 -1 5
2
53 296 30 1697 580 6 2493 14 13 1 802 3 -1 12
296 428 2493 4163 3 -1 5
2
53 1521 296 7 9370 30 1697 580 3 -1 9
155 296 327 4465 9370 3 -1 6
1
53 1521 296 7 9370 30 1697 580 3 -1 9
37 30 580 2600 9370 3 -1 6
0
53 1521 296 7 9370 30 1697 580 3 -1 9
20 14 1784 2 32 37 383 580 4731 3 -1 10
2
8 9764 7 8 6343 12450 6 4891 14 847 22 303 107 1339 27 14739 3 -1 17
8 773 14 14535 69 2814 7 69 5964 3 -1 10
1
8 9764 7 8 6343 12450 6 4891 14 847 22 303 107 1339 27 14739 3 -1 17
8 295 14 1339 27 28336 3 -1 7
0
8 9764 7 8 6343 12450 6 4891 14 847 22 303 107 1339 27 14739 3 -1 17
8 295 14 847 22 8 1120 4 225 3 -1 10
0
17206 15497 8435 72 8 13468 3 -1 7
13468 5803 14 327 1612 -1 5
1
17206 15497 8435 72 8 13468 3 -1 7
61 14 8 17206 15497 36 14 2468 7 13468 5803 -1 11
2
17206 15497 8435 72 8 13468 3 -1 7
3915 84 86 13468 5803 -1 5
0
8 293 6370 14 2373 5 8 486 1074 3 -1 10
1 6370 14 2373 5 8 822 1074 -1 8
2
8 293 6370 14 2373 5 8 486 1074 3 -1 10
1 563 14 7100 22 1 1074 -1 7
1
8 293 6370 14 2373 5 8 486 1074 3 -1 10
1 6370 14 2373 5 8 1074 -1 7
2
8 293 6370 14 6766 95 8 649 3 -1 9
8 6370 14 13 1 802 57 5 28 29151 -1 10
0
8 293 6370 14 6766 95 8 649 3 -1 9
8 6370 17 8 2785 7085 14 34 131 8181 -1 10
1
8 293 6370 14 6766 95 8 649 3 -1 9
8 6370 20 580 -1 4
2
1 1551 4658 1 3734 6 383 415 3 -1 9
8 1551 3952 8 6370 3 -1 6
1
1 1551 4658 1 3734 6 383 415 3 -1 9
8 1551 3243 415 3 -1 5
0
1 1551 4658 1 3734 6 383 415 3 -1 9
8 6850 14391 58 17 8 1551 3243 415 3 -1 10
1
8 4944 112 102 8399 3 -1 6
8 112 2550 17 67 7 1 690 4 1 8399 3 -1 12
2
8 4944 112 102 8399 3 -1 6
8 2951 112 22 1 2110 4 1 83 3 -1 10
0
8 4944 112 102 8399 3 -1 6
8 4944 112 2550 17 106 1238 13 8 3264 728 119 3 -1 13
0
67 3243 200 7 8 360 112 3 -1 8
67 30 3243 5 1 617 3 -1 7
1
67 3243 200 7 8 360 112 3 -1 8
67 30 580 3 -1 4
2
67 3243 200 7 8 360 112 3 -1 8
1 67 30 9355 3 -1 5
1
8 3842 112 12 2052 114 48 192 112 3 -1 10
1 112 29 8 525 4 67 7 20 3 -1 10
0
8 3842 112 12 2052 114 48 192 112 3 -1 10
1 112 14 187 421 3 -1 6
2
8 3842 112 12 2052 114 48 192 112 3 -1 10
1 112 2052 114 4000 2 2152 3 -1 8
1
8 1109 4 1438 6 67 3243 526 1 1670 7 241 1213 2 48 192 112 3 -1 18
61 14 8 112 3 -1 5
2
8 1109 4 1438 6 67 3243 526 1 1670 7 241 1213 2 48 192 112 3 -1 18
1 603 4 16801 14 5906 146 3 -1 8
0
8 1109 4 1438 6 67 3243 526 1 1670 7 241 1213 2 48 192 112 3 -1 18
241 1213 7 48 192 112 14 543 4 67 6 11340 17 5208 6 1752 3 -1 17
2
8 773 14 428 8 4358 5795 3 -1 8
8 295 14 3403 8 3403 3 -1 7
0
8 773 14 428 8 4358 5795 3 -1 8
8 773 14 428 8 5548 5795 3 -1 8
1
8 773 14 428 8 4358 5795 3 -1 8
27 2037 14 19839 17 4358 3 -1 7
0
8 8418 2017 10 1600 3 -1 6
8 8418 14 1015 24 2685 1697 7 1 660 3 -1 11
1
8 8418 2017 10 1600 3 -1 6
8 8418 14 22 157 3 -1 6
2
8 8418 2017 10 1600 3 -1 6
1 8418 14 2205 1 2685 22 1 153 4 1 119 3 -1 13
1
8 295 2797 7 8 8418 2685 3 -1 8
61 14 27 1378 2017 9453 3 -1 7
0
8 295 2797 7 8 8418 2685 3 -1 8
8 295 14 2017 5 165 24 15222 3 -1 9
2
8 295 2797 7 8 8418 2685 3 -1 8
8 295 14 14535 24 5784 3 -1 7
0
8 773 3030 5 15783 8 1905 3 -1 8
8 773 9184 3030 5 15783 -1 6
2
8 773 3030 5 15783 8 1905 3 -1 8
8 773 34 3030 5 15783 -1 6
1
8 773 3030 5 15783 8 1905 3 -1 8
8 773 3030 5 15783 -1 5
2
8 773 2600 27 16308 20057 8 421 5795 13 8 1727 2550 17 5401 2 8802 2 11063 6 11204 4 13039 1236 3 -1 25
8 773 2600 8290 14 8795 6868 3 -1 8
0
8 773 2600 27 16308 20057 8 421 5795 13 8 1727 2550 17 5401 2 8802 2 11063 6 11204 4 13039 1236 3 -1 25
8 773 2600 8 631 16308 20057 8 421 516 5795 13 8 1727 2550 17 5401 2 8802 2 11063 6 11204 4 13039 1236 3 -1 27
1
8 773 2600 27 16308 20057 8 421 5795 13 8 1727 2550 17 5401 2 8802 2 11063 6 11204 4 13039 1236 3 -1 25
8 773 14 2600 27 16308 3 -1 7
2
8 1375 8369 5 653 19 81 65 9 8 561 1574 1668 639 3 -1 15
8 295 14 9073 10 8 4434 268 3 -1 9
0
8 1375 8369 5 653 19 81 65 9 8 561 1574 1668 639 3 -1 15
8 773 14 588 5 1375 10 8 869 1197 3 -1 11
1
8 1375 8369 5 653 19 81 65 9 8 561 1574 1668 639 3 -1 15
8 1375 14 897 8 3704 3 -1 7
1
13585 5342 23 8 5051 510 3 -1 7
13585 3243 580 -1 3
2
13585 5342 23 8 5051 510 3 -1 7
1 510 14 3568 -1 4
0
13585 5342 23 8 5051 510 3 -1 7
1 13585 30 34 495 -1 5
1
7502 847 13585 30 3243 3 -1 6
13585 30 3243 3 -1 4
0
7502 847 13585 30 3243 3 -1 6
7502 847 13585 30 3243 134 5 1 479 510 5 1010 3 -1 13
2
7502 847 13585 30 3243 3 -1 6
2083 847 13585 30 783 73 8 4018 442 3 -1 10
2
85 4977 2 1 6573 10866 14 1339 8 8406 7 24 213 808 3 -1 15
85 295 30 1339 13678 7 42 213 1242 3 -1 10
0
85 4977 2 1 6573 10866 14 1339 8 8406 7 24 213 808 3 -1 15
1 85 4977 30 4903 869 3 -1 7
1
85 4977 2 1 6573 10866 14 1339 8 8406 7 24 213 808 3 -1 15
1 13585 30 2757 46 14 1339 24 8406 3 -1 10
0
8 295 3243 380 432 8 2303 58 1633 3 -1 10
1 295 1620 1 2303 58 1633 108 5 237 3 -1 11
2
8 295 3243 380 432 8 2303 58 1633 3 -1 10
1 773 19325 2854 1 1633 3 -1 7
1
8 295 3243 380 432 8 2303 58 1633 3 -1 10
1 295 2825 2854 1 1633 3 -1 7
2
8 328 1551 17913 8103 3 -1 6
8 1551 12853 13 215 4 425 3 -1 8
0
8 328 1551 17913 8103 3 -1 6
8 328 1551 3604 22 8 1445 3 -1 8
1
8 328 1551 17913 8103 3 -1 6
8 945 3604 3 -1 4
2
8 1842 14 2155 24 1858 1824 13 8 9985 986 3 -1 12
8 295 29 7100 24 2433 3 -1 7
1
8 1842 14 2155 24 1858 1824 13 8 9985 986 3 -1 12
8 1858 14 131 2717 13 8 986 3 -1 9
0
8 1842 14 2155 24 1858 1824 13 8 9985 986 3 -1 12
8 295 14 2155 24 2433 3 -1 7
2
85 2175 6 8 1682 30 62 5803 7 8 2977 593 3 -1 13
1 67 30 62 5797 64 4 1 425 3 -1 10
1
85 2175 6 8 1682 30 62 5803 7 8 2977 593 3 -1 13
1 67 30 62 5803 73 8 709 4 425 3 -1 11
0
85 2175 6 8 1682 30 62 5803 7 8 2977 593 3 -1 13
1 67 30 62 1069 3 -1 6
0
8 328 1551 8103 7 8 2977 2 1339 8 3433 9636 3 -1 13
1 5687 14 17738 3 -1 5
2
8 328 1551 8103 7 8 2977 2 1339 8 3433 9636 3 -1 13
1 5697 8379 17913 373 3 -1 6
1
8 328 1551 8103 7 8 2977 2 1339 8 3433 9636 3 -1 13
352 1551 7 2977 1949 5687 3 -1 7
2
8 328 1551 3604 8103 17 8 5687 7 24 808 3 -1 12
8 328 1551 14 6910 8 2739 3 -1 8
0
8 328 1551 3604 8103 17 8 5687 7 24 808 3 -1 12
8 328 1551 14 1339 8 2977 2742 3 -1 9
1
8 328 1551 3604 8103 17 8 5687 7 24 808 3 -1 12
8 328 1551 14 8103 3 -1 6
0
8 295 2600 8 293 11496 4501 6 4641 14 3952 8 15967 2695 7 8 11334 3 -1 18
8 295 14 3952 7 24 56 11334 3 -1 9
2
8 295 2600 8 293 11496 4501 6 4641 14 3952 8 15967 2695 7 8 11334 3 -1 18
8 11334 11604 14531 8 5097 3 -1 7
1
8 295 2600 8 293 11496 4501 6 4641 14 3952 8 15967 2695 7 8 11334 3 -1 18
8 295 14 131 15991 13 8 2695 3 -1 9
1
8 12114 24298 5736 1605 3472 64 4 1 12114 2 32 3808 24 6232 102 24 3086 3 -1 19
1 295 7448 27 2542 3 -1 6
0
8 12114 24298 5736 1605 3472 64 4 1 12114 2 32 3808 24 6232 102 24 3086 3 -1 19
1 295 14 588 34 5 793 3 -1 8
2
8 12114 24298 5736 1605 3472 64 4 1 12114 2 32 3808 24 6232 102 24 3086 3 -1 19
1 295 14 3952 8 6048 3 -1 7
0
8 773 17 8 6175 4891 495 13 8 4574 2236 17 19045 22 69 432 3 -1 17
8 773 14 615 8 2236 5 156 9943 3780 3 -1 11
2
8 773 17 8 6175 4891 495 13 8 4574 2236 17 19045 22 69 432 3 -1 17
8 773 14 2797 13 1 9528 3 -1 8
1
8 773 17 8 6175 4891 495 13 8 4574 2236 17 19045 22 69 432 3 -1 17
8 773 14 22 8 2236 3 -1 7
2
8 295 2600 8 1742 4891 14 25493 4208 615 8 4208 28306 6 14 3614 21 2651 3 -1 19
1 295 14 10446 8 5795 4 4208 3 -1 9
1
8 295 2600 8 1742 4891 14 25493 4208 615 8 4208 28306 6 14 3614 21 2651 3 -1 19
61 14 8 882 4172 5846 3 -1 7
0
8 295 2600 8 1742 4891 14 25493 4208 615 8 4208 28306 6 14 3614 21 2651 3 -1 19
8 295 14 25493 8 421 7596 4 4208 3 -1 10
0
8 773 2600 8 322 6175 4891 1427 75 2453 4 11777 2066 2236 7 99 1597 5 28 8 617 3 -1 22
1 773 14 428 6650 22 1 617 3 -1 9
2
8 773 2600 8 322 6175 4891 1427 75 2453 4 11777 2066 2236 7 99 1597 5 28 8 617 3 -1 22
1 773 29 8 352 945 4261 7 1 2236 36 25189 3634 3 -1 14
1
8 773 2600 8 322 6175 4891 1427 75 2453 4 11777 2066 2236 7 99 1597 5 28 8 617 3 -1 22
1 773 14 9524 17 8 2236 3 -1 8
2
8 773 13 1 432 4 8 486 14 428 559 13 69 7600 3 -1 15
8 945 14 2600 8 22735 3 -1 7
0
8 773 13 1 432 4 8 486 14 428 559 13 69 7600 3 -1 15
8 882 14 4434 2015 559 3 -1 7
1
8 773 13 1 432 4 8 486 14 428 559 13 69 7600 3 -1 15
8 882 14 4434 3 -1 5
2
8 295 7 1153 8193 6 291 8 4501 14 14489 132 1 579 107 5282 5 24 10064 3 -1 20
1 295 14 2600 8 1153 4501 3 -1 8
1
8 295 7 1153 8193 6 291 8 4501 14 14489 132 1 579 107 5282 5 24 10064 3 -1 20
1 295 14 783 3 -1 5
0
8 295 7 1153 8193 6 291 8 4501 14 14489 132 1 579 107 5282 5 24 10064 3 -1 20
1 295 14 2600 15794 3 -1 6
1
261 10725 46 773 29 8 968 10468 6 516 7439 13 3 -1 13
1 261 30 10725 3 -1 5
2
261 10725 46 773 29 8 968 10468 6 516 7439 13 3 -1 13
1 261 30 147 6849 7 968 3 -1 8
0
261 10725 46 773 29 8 968 10468 6 516 7439 13 3 -1 13
1 261 30 897 9539 3 -1 6
0
537 7470 9539 7 8 888 1841 3 -1 8
1 537 30 576 8 16280 55 9539 888 3 -1 10
2
537 7470 9539 7 8 888 1841 3 -1 8
1 537 3993 10024 13 1 529 3 -1 8
1
537 7470 9539 7 8 888 1841 3 -1 8
8 9539 888 14 7 1325 3 -1 7
0
67 30 7816 13 9539 11405 3 -1 7
37 6788 13 9539 11405 580 3 -1 7
1
67 30 7816 13 9539 11405 3 -1 7
1 67 6788 13 9539 11405 3 -1 7
2
67 30 7816 13 9539 11405 3 -1 7
37 6788 13 10561 3 -1 5
1
8 126 4 67 30 897 9539 3 -1 8
1 67 30 897 9539 -1 5
0
8 126 4 67 30 897 9539 3 -1 8
1 67 30 495 64 -1 5
2
8 126 4 67 30 897 9539 3 -1 8
1 67 30 3870 3 -1 5
2
19447 3092 107 53 296 1653 3 -1 7
53 261 30 3243 17 19566 3 -1 7
1
19447 3092 107 53 296 1653 3 -1 7
296 2492 19447 3 -1 4
0
19447 3092 107 53 296 1653 3 -1 7
29152 3092 7 923 566 3 -1 6
2
1 456 295 14 2017 17 418 13 1 9374 3 -1 11
1 1863 30 5797 8 2504 -1 6
0
1 456 295 14 2017 17 418 13 1 9374 3 -1 11
61 14 8 456 882 1818 17 418 350 1 29153 -1 11
1
1 456 295 14 2017 17 418 13 1 9374 3 -1 11
61 14 8 126 4 67 2017 580 -1 8
1
53 67 5635 10 1 3251 3 -1 7
67 5635 10 8 1757 3 -1 6
0
53 67 5635 10 1 3251 3 -1 7
67 5635 10 8 209 1757 3 -1 7
2
53 67 5635 10 1 3251 3 -1 7
53 67 30 10855 3 -1 5
1
8 295 14 5790 13 1 4129 3 -1 8
1 295 14 6554 132 5 3870 -1 7
2
8 295 14 5790 13 1 4129 3 -1 8
1 295 14 6124 73 8 404 741 1195 -1 9
0
8 295 14 5790 13 1 4129 3 -1 8
1 295 14 5790 13 1 4129 110 18 14 4782 -1 11
1
8 293 6 1018 2739 14 13104 128 1 320 3 -1 11
1 293 6 1018 2739 14 7 1 320 3 -1 10
2
8 293 6 1018 2739 14 13104 128 1 320 3 -1 11
1 2739 14 576 8 14166 3 -1 7
0
8 293 6 1018 2739 14 13104 128 1 320 3 -1 11
1 2739 14 6707 8 19590 3 -1 7
2
8 2196 4 3936 6 516 7107 17 8 1551 2797 22 1 153 4 1 2196 3 -1 18
8 456 1551 11309 8 9272 3 -1 7
0
8 2196 4 3936 6 516 7107 17 8 1551 2797 22 1 153 4 1 2196 3 -1 18
8 456 1551 5179 13 1 802 7 8 209 1757 3 -1 12
1
8 2196 4 3936 6 516 7107 17 8 1551 2797 22 1 153 4 1 2196 3 -1 18
8 1551 5179 22 4820 1202 3 -1 7
1
8 295 7 1153 2228 13 8 29154 7155 4 4129 107 352 498 4 67 17336 7 1 2185 3 -1 21
8 295 14 2600 1153 3 -1 6
