0
35 507 6607 8343 5 1 7411 19 37 4888 14775 1447 23 1 533 22 8 507 -1 18
1 507 29 8634 7 1 5524 3 -1 8
507 -2 507
-1 -2 8634
-1 -2 5524
-3
1
35 507 6607 8343 5 1 7411 19 37 4888 14775 1447 23 1 533 22 8 507 3 -1 19
1 507 14 2550 17 798 3 -1 7
8343 -2 798
4888 -2 798
1447 -2 798
22 8 507 -2 507
-1 -2 2550
-3
2
35 507 6607 8343 5 1 7411 19 37 4888 14775 1447 23 1 533 22 8 507 3 -1 19
8 6607 3714 22 8 1395 182 3 -1 8
6607 -2 6607
8343 -2 3714
22 8 507 -2 22 8 1395 182
-3
0
8 773 17 8 968 16179 2 1153 4501 6 8 187 360 12151 3 -1 15
1 773 14 456 3 -1 5
773 -2 773
-1 -2 456
-3
1
8 773 17 8 968 16179 2 1153 4501 6 8 187 360 12151 3 -1 15
1 773 14 187 1684 3 -1 6
773 -2 773
187 -2 187
12151 -2 1684
-3
2
8 773 17 8 968 16179 2 1153 4501 6 8 187 360 12151 3 -1 15
1 773 29 49 627 3 -1 6
773 -2 773
12151 -2 627
-3
1
27 163 295 17 8 1991 7656 7 660 4 27 8592 3 -1 13
8 295 7656 7 660 4 27 2764 3 -1 9
295 -2 295
7656 7 660 4 -2 7656 7 660 4
8592 -2 2764
-3
0
27 163 295 17 8 1991 7656 7 660 4 27 8592 3 -1 13
8 295 7656 7 660 4 27 2764 10 3781 3 -1 11
295 -2 295
7 660 4 -2 7 660 4
8592 -2 2764
-1 -2 10 3781
-3
2
27 163 295 17 8 1991 7656 7 660 4 27 8592 3 -1 13
8 295 5537 21 27 2764 3 -1 7
295 -2 295
7656 -2 5537
8592 -2 2764
-3
1
8 600 9088 14 131 2717 526 8 613 3 -1 10
8 600 9088 14 18783 425 19 20 6920 8 613 3 -1 12
600 9088 -2 600 9088
526 8 613 -2 6920 8 613
-1 -2 18783
-3
1
8 600 9088 14 131 2717 526 8 613 3 -1 10
8 1824 14 3250 8 613 3 -1 7
600 9088 -2 0
526 8 613 -2 3250 8 613
-3
2
8 600 9088 14 131 2717 526 8 613 3 -1 10
8 8309 14 4443 7 1 690 4 8 613 3 -1 11
600 9088 -2 8309
2717 -2 4443
613 -2 613
-3
2
8 295 688 27 2248 3485 13 895 3 -1 9
8 295 688 14771 13 1 1529 3 -1 8
295 -2 295
688 -2 688
2248 3485 -2 14771
13 895 -2 13 1 1529
-3
1
8 295 688 27 2248 3485 13 895 3 -1 9
8 295 688 3485 13 895 3 -1 7
295 -2 295
688 -2 688
2248 3485 -2 3485
13 895 -2 13 1 1529
-3
0
8 295 688 27 2248 3485 13 895 3 -1 9
8 295 14 3092 10 1434 3 -1 7
295 688 -2 295 14 3092
-1 -2 10 1434
-3
1
8 27652 1990 6 69 676 137 1623 847 3035 48 737 14205 3 -1 14
8 1990 14 847 22 8 533 -1 7
1990 -2 1990
847 -2 847
14205 -2 533
-3
2
8 27652 1990 6 69 676 137 1623 847 3035 48 737 14205 3 -1 14
8 295 14 4060 19011 6 5825 -1 7
69 -2 295
1623 -2 295
847 -2 4060
-3
0
8 27652 1990 6 69 676 137 1623 847 3035 48 737 14205 3 -1 14
8 1990 14 3939 -1 4
1990 -2 1990
14205 -2 3939
-3
2
46 6333 1682 17 8 9131 4891 14 783 6 6766 72 27 4117 2 107 166 882 7 8 9131 4891 14 2797 13 1 802 3 -1 28
8 1551 956 73 8 993 -1 6
1682 -2 1551
783 -2 956
72 27 4117 -2 993
882 -2 1551
2797 -2 956
-3
1
46 6333 1682 17 8 9131 4891 14 783 6 6766 72 27 4117 2 107 166 882 7 8 9131 4891 14 2797 13 1 802 3 -1 28
8 6333 1682 956 15576 72 27 4117 -1 8
6333 1682 -2 6333 1682
783 -2 956
6766 -2 15576
72 27 4117 -2 72 27 4117
-3
0
46 6333 1682 17 8 9131 4891 14 783 6 6766 72 27 4117 2 107 166 882 7 8 9131 4891 14 2797 13 1 802 3 -1 28
8 295 8166 24 1101 7230 -1 6
1682 -2 1101
6766 72 -2 7230
882 -2 295
2797 -2 8166
-3
0
8 456 209 6813 2381 2422 4402 4766 22 42 1202 3 -1 12
8 456 295 6 773 186 42 945 5 1 1445 10 1 56 77 3 -1 16
456 209 -2 456 295 6 773
456 209 -2 945
2422 -2 1445
-1 -2 10 1 56 77
-3
2
8 456 209 6813 2381 2422 4402 4766 22 42 1202 3 -1 12
8 209 14 64 22 8 2412 3 -1 8
209 -2 209
2422 -2 2412
-3
1
8 456 209 6813 2381 2422 4402 4766 22 42 1202 3 -1 12
8 209 14 22 1 1445 3 -1 7
209 -2 209
2422 -2 1445
-3
1
8 1292 2261 808 7 808 132 8 486 3 -1 10
8 1292 14 3243 593 3 -1 6
1292 -2 1292
2261 -2 3243
808 7 808 -2 593
-3
0
8 1292 2261 808 7 808 132 8 486 3 -1 10
1 1292 14 1137 3 -1 5
1292 -2 1292
-1 -2 1137
-3
2
8 1292 2261 808 7 808 132 8 486 3 -1 10
8 1292 14 2797 13 8 4064 3 -1 8
1292 -2 1292
2261 -2 2797
486 -2 4064
-3
2
309 456 295 7 16553 1697 7 1 690 4 8 3423 486 2003 1 3251 3 -1 17
85 67 2935 21 8 3842 486 26273 3 -1 9
309 -2 85
295 -2 67
7 16553 -2 26273
3423 486 -2 3842 486
-3
1
309 456 295 7 16553 1697 7 1 690 4 8 3423 486 2003 1 3251 3 -1 17
85 6389 2600 67 5635 10 8 1757 3 -1 9
309 456 295 7 16553 -2 85 6389 2600 67
1697 -2 5635
2003 1 3251 -2 5635
3251 -2 1757
-3
1
309 456 295 7 16553 1697 7 1 690 4 8 3423 486 2003 1 3251 3 -1 17
85 6389 2600 67 1304 7 8 486 3 -1 9
309 456 295 7 16553 -2 85 6389 2600 67
1697 -2 1304
486 -2 486
-3
1
8 295 6504 1 1268 7 8 1978 17 968 6024 3 -1 12
1 295 14 1015 3 -1 5
295 -2 295
7 8 1978 -2 1015
-3
0
8 295 6504 1 1268 7 8 1978 17 968 6024 3 -1 12
1 295 14 2091 1 28888 3 -1 7
295 -2 295
6504 -2 2091
1268 -2 28888
-3
2
8 295 6504 1 1268 7 8 1978 17 968 6024 3 -1 12
1 295 14 5797 8 1555 3 -1 7
295 -2 295
6504 -2 5797
1978 -2 1555
-3
0
85 10866 321 64 4 5051 510 3 -1 8
85 4977 2119 64 8 479 1015 4 8 5051 510 3 -1 12
85 10866 -2 85 4977
5051 510 -2 5051 510
-1 -2 479
-3
1
85 10866 321 64 4 5051 510 3 -1 8
85 4977 769 58 23 8 5051 510 3 -1 9
85 10866 -2 85 4977
321 64 4 -2 769 58 23
5051 510 -2 5051 510
-3
2
85 10866 321 64 4 5051 510 3 -1 8
85 4977 688 2740 1015 8 479 510 3 -1 9
85 10866 -2 85 4977
5051 510 -2 479 510
-3
1
8 882 2600 8 6175 4891 2 1697 580 495 8 2066 9228 17 8 7596 4 19045 13 1 802 3 -1 22
8 882 14 350 8 7596 4 19045 3 -1 9
882 -2 882
17 8 7596 4 19045 -2 350 8 7596 4 19045
-3
0
8 882 2600 8 6175 4891 2 1697 580 495 8 2066 9228 17 8 7596 4 19045 13 1 802 3 -1 22
8 882 14 1462 19045 3 -1 6
882 -2 882
495 8 2066 9228 -2 1462
19045 -2 19045
-3
2
8 882 2600 8 6175 4891 2 1697 580 495 8 2066 9228 17 8 7596 4 19045 13 1 802 3 -1 22
8 882 14 4018 8 6175 4891 3 -1 8
882 -2 882
2600 -2 4018
6175 4891 -2 6175 4891
-3
2
2209 7 8 1153 6830 5194 5 2721 7 1 4129 3 -1 12
1 1776 7 2676 14 4069 13 1 4129 -1 9
2209 -2 1776
1153 -2 2676
2721 -2 4069
4129 -2 4129
-3
1
2209 7 8 1153 6830 5194 5 2721 7 1 4129 3 -1 12
1 1776 2600 8 1153 6830 14 6554 13 1 968 4129 -1 12
2209 -2 1776
1153 6830 -2 1153 6830
2721 -2 6554
4129 -2 4129
-3
0
2209 7 8 1153 6830 5194 5 2721 7 1 4129 3 -1 12
1 1776 2600 8 1153 6830 14 6554 13 1 968 4129 576 8 14166 3 -1 16
2209 -2 1776
1153 6830 -2 1153 6830
2721 -2 6554
4129 -2 4129
-1 -2 576 8 14166
-3
2
8 2284 18574 6309 16076 3 -1 6
8 4764 6309 16076 -1 4
2284 18574 -2 4764
6309 -2 6309
16076 -2 16076
-3
